# step, loss_train, loss_test, metrics_test
0.000000000000000000e+00 6.133892387151718140e-02 9.999999776482582092e-03 2.500000000000000000e-01 2.500000000000000000e-01 2.068592607975006104e-01 3.047308921813964844e-01 6.133892387151718140e-02 9.999999776482582092e-03 2.500000000000000000e-01 2.500000000000000000e-01 2.068592607975006104e-01 3.047308921813964844e-01
1.000000000000000000e+01 2.697286568582057953e-02 9.800232946872711182e-03 1.810599416494369507e-01 2.201563715934753418e-01 3.159616142511367798e-02 6.432620435953140259e-02 2.697286568582057953e-02 9.800232946872711182e-03 1.810599416494369507e-01 2.201563715934753418e-01 3.159616142511367798e-02 6.432620435953140259e-02
2.000000000000000000e+01 8.932142704725265503e-02 9.850302711129188538e-03 1.135988980531692505e-01 1.459323316812515259e-01 2.484416216611862183e-02 3.882218524813652039e-02 8.932142704725265503e-02 9.850302711129188538e-03 1.135988980531692505e-01 1.459323316812515259e-01 2.484416216611862183e-02 3.882218524813652039e-02
3.000000000000000000e+01 2.011516317725181580e-02 1.003850530833005905e-02 7.710412144660949707e-02 8.962596207857131958e-02 7.647301256656646729e-02 7.425529509782791138e-02 2.011516317725181580e-02 1.003850530833005905e-02 7.710412144660949707e-02 8.962596207857131958e-02 7.647301256656646729e-02 7.425529509782791138e-02
4.000000000000000000e+01 9.328544139862060547e-02 1.022548135370016098e-02 4.981399327516555786e-02 5.058126151561737061e-02 6.045389920473098755e-02 5.985126271843910217e-02 9.328544139862060547e-02 1.022548135370016098e-02 4.981399327516555786e-02 5.058126151561737061e-02 6.045389920473098755e-02 5.985126271843910217e-02
5.000000000000000000e+01 5.614750087261199951e-02 1.047956105321645737e-02 5.308082699775695801e-02 4.560512304306030273e-02 7.802809029817581177e-02 7.419557124376296997e-02 5.614750087261199951e-02 1.047956105321645737e-02 5.308082699775695801e-02 4.560512304306030273e-02 7.802809029817581177e-02 7.419557124376296997e-02
6.000000000000000000e+01 6.818505376577377319e-02 1.072080153971910477e-02 5.949583277106285095e-02 5.271568521857261658e-02 5.522383004426956177e-02 6.237429752945899963e-02 6.818505376577377319e-02 1.072080153971910477e-02 5.949583277106285095e-02 5.271568521857261658e-02 5.522383004426956177e-02 6.237429752945899963e-02
7.000000000000000000e+01 5.260162800550460815e-02 1.095750089734792709e-02 6.363292783498764038e-02 5.523759126663208008e-02 5.827243626117706299e-02 6.352375447750091553e-02 5.260162800550460815e-02 1.095750089734792709e-02 6.363292783498764038e-02 5.523759126663208008e-02 5.827243626117706299e-02 6.352375447750091553e-02
8.000000000000000000e+01 6.188807636499404907e-02 1.117785181850194931e-02 5.843229964375495911e-02 5.181555449962615967e-02 5.554303154349327087e-02 6.051473319530487061e-02 6.188807636499404907e-02 1.117785181850194931e-02 5.843229964375495911e-02 5.181555449962615967e-02 5.554303154349327087e-02 6.051473319530487061e-02
9.000000000000000000e+01 5.978883430361747742e-02 1.139906980097293854e-02 5.528283491730690002e-02 4.975780844688415527e-02 5.742350220680236816e-02 6.155984103679656982e-02 5.978883430361747742e-02 1.139906980097293854e-02 5.528283491730690002e-02 4.975780844688415527e-02 5.742350220680236816e-02 6.155984103679656982e-02
1.000000000000000000e+02 6.026451289653778076e-02 1.161908823996782303e-02 5.465053021907806396e-02 5.002277344465255737e-02 5.555618181824684143e-02 5.909235775470733643e-02 6.026451289653778076e-02 1.161908823996782303e-02 5.465053021907806396e-02 5.002277344465255737e-02 5.555618181824684143e-02 5.909235775470733643e-02
1.100000000000000000e+02 5.953099206089973450e-02 1.183676067739725113e-02 5.412065610289573669e-02 5.021396279335021973e-02 5.382570996880531311e-02 5.789348855614662170e-02 5.953099206089973450e-02 1.183676067739725113e-02 5.412065610289573669e-02 5.021396279335021973e-02 5.382570996880531311e-02 5.789348855614662170e-02
1.200000000000000000e+02 5.916658788919448853e-02 1.205148268491029739e-02 5.292277410626411438e-02 4.922162368893623352e-02 5.322271585464477539e-02 5.719821900129318237e-02 5.916658788919448853e-02 1.205148268491029739e-02 5.292277410626411438e-02 4.922162368893623352e-02 5.322271585464477539e-02 5.719821900129318237e-02
1.300000000000000000e+02 5.980920791625976562e-02 1.226419210433959961e-02 5.171348154544830322e-02 4.836174473166465759e-02 5.199997499585151672e-02 5.614735558629035950e-02 5.980920791625976562e-02 1.226419210433959961e-02 5.171348154544830322e-02 4.836174473166465759e-02 5.199997499585151672e-02 5.614735558629035950e-02
1.400000000000000000e+02 5.931295454502105713e-02 1.247565820813179016e-02 5.091431736946105957e-02 4.797667637467384338e-02 5.097989737987518311e-02 5.528491735458374023e-02 5.931295454502105713e-02 1.247565820813179016e-02 5.091431736946105957e-02 4.797667637467384338e-02 5.097989737987518311e-02 5.528491735458374023e-02
1.500000000000000000e+02 5.912421271204948425e-02 1.268535107374191284e-02 5.000359192490577698e-02 4.749595001339912415e-02 5.000291764736175537e-02 5.441146716475486755e-02 5.912421271204948425e-02 1.268535107374191284e-02 5.000359192490577698e-02 4.749595001339912415e-02 5.000291764736175537e-02 5.441146716475486755e-02
1.600000000000000000e+02 5.917806923389434814e-02 1.289338339120149612e-02 4.900094121694564819e-02 4.691514745354652405e-02 4.905952140688896179e-02 5.357791483402252197e-02 5.917806923389434814e-02 1.289338339120149612e-02 4.900094121694564819e-02 4.691514745354652405e-02 4.905952140688896179e-02 5.357791483402252197e-02
1.700000000000000000e+02 5.901081115007400513e-02 1.310002617537975311e-02 4.811736196279525757e-02 4.643386974930763245e-02 4.817368462681770325e-02 5.280715599656105042e-02 5.901081115007400513e-02 1.310002617537975311e-02 4.811736196279525757e-02 4.643386974930763245e-02 4.817368462681770325e-02 5.280715599656105042e-02
1.800000000000000000e+02 5.885521695017814636e-02 1.330522540956735611e-02 4.727185145020484924e-02 4.597999155521392822e-02 4.728329554200172424e-02 5.207620188593864441e-02 5.885521695017814636e-02 1.330522540956735611e-02 4.727185145020484924e-02 4.597999155521392822e-02 4.728329554200172424e-02 5.207620188593864441e-02
1.900000000000000000e+02 5.877225846052169800e-02 1.350897643715143204e-02 4.642760381102561951e-02 4.550002142786979675e-02 4.642799496650695801e-02 5.136951804161071777e-02 5.877225846052169800e-02 1.350897643715143204e-02 4.642760381102561951e-02 4.550002142786979675e-02 4.642799496650695801e-02 5.136951804161071777e-02
2.000000000000000000e+02 5.865887552499771118e-02 1.371134631335735321e-02 4.561878368258476257e-02 4.505026713013648987e-02 4.559732973575592041e-02 5.070523917675018311e-02 5.865887552499771118e-02 1.371134631335735321e-02 4.561878368258476257e-02 4.505026713013648987e-02 4.559732973575592041e-02 5.070523917675018311e-02
2.100000000000000000e+02 5.853269249200820923e-02 1.391233690083026886e-02 4.484028369188308716e-02 4.462254419922828674e-02 4.479502141475677490e-02 5.007096752524375916e-02 5.853269249200820923e-02 1.391233690083026886e-02 4.484028369188308716e-02 4.462254419922828674e-02 4.479502141475677490e-02 5.007096752524375916e-02
2.200000000000000000e+02 5.842335149645805359e-02 1.411194074898958206e-02 4.407770559191703796e-02 4.420160129666328430e-02 4.401766881346702576e-02 4.946592822670936584e-02 5.842335149645805359e-02 1.411194074898958206e-02 4.407770559191703796e-02 4.420160129666328430e-02 4.401766881346702576e-02 4.946592822670936584e-02
2.300000000000000000e+02 5.831503495573997498e-02 1.431017648428678513e-02 4.334067180752754211e-02 4.379766434431076050e-02 4.326211661100387573e-02 4.888551309704780579e-02 5.831503495573997498e-02 1.431017648428678513e-02 4.334067180752754211e-02 4.379766434431076050e-02 4.326211661100387573e-02 4.888551309704780579e-02
2.400000000000000000e+02 5.820613726973533630e-02 1.450704503804445267e-02 4.262678325176239014e-02 4.340876266360282898e-02 4.252856969833374023e-02 4.833166673779487610e-02 5.820613726973533630e-02 1.450704503804445267e-02 4.262678325176239014e-02 4.340876266360282898e-02 4.252856969833374023e-02 4.833166673779487610e-02
2.500000000000000000e+02 5.810074880719184875e-02 1.470253337174654007e-02 4.193343594670295715e-02 4.303147271275520325e-02 4.181811213493347168e-02 4.780205339193344116e-02 5.810074880719184875e-02 1.470253337174654007e-02 4.193343594670295715e-02 4.303147271275520325e-02 4.181811213493347168e-02 4.780205339193344116e-02
2.600000000000000000e+02 5.799713358283042908e-02 1.489664893597364426e-02 4.126140102744102478e-02 4.266832768917083740e-02 4.112778231501579285e-02 4.729469865560531616e-02 5.799713358283042908e-02 1.489664893597364426e-02 4.126140102744102478e-02 4.266832768917083740e-02 4.112778231501579285e-02 4.729469865560531616e-02
2.700000000000000000e+02 5.789675563573837280e-02 1.508938428014516830e-02 4.060918092727661133e-02 4.231785982847213745e-02 4.045767709612846375e-02 4.680800065398216248e-02 5.789675563573837280e-02 1.508938428014516830e-02 4.060918092727661133e-02 4.231785982847213745e-02 4.045767709612846375e-02 4.680800065398216248e-02
2.800000000000000000e+02 5.779969319701194763e-02 1.528073381632566452e-02 3.997590020298957825e-02 4.197967424988746643e-02 3.980708494782447815e-02 4.634096100926399231e-02 5.779969319701194763e-02 1.528073381632566452e-02 3.997590020298957825e-02 4.197967424988746643e-02 3.980708494782447815e-02 4.634096100926399231e-02
2.900000000000000000e+02 5.770524218678474426e-02 1.547070033848285675e-02 3.936121240258216858e-02 4.165381193161010742e-02 3.917530924081802368e-02 4.589232429862022400e-02 5.770524218678474426e-02 1.547070033848285675e-02 3.936121240258216858e-02 4.165381193161010742e-02 3.917530924081802368e-02 4.589232429862022400e-02
3.000000000000000000e+02 5.761395767331123352e-02 1.565927080810070038e-02 3.876418620347976685e-02 4.133955389261245728e-02 3.856188058853149414e-02 4.546119272708892822e-02 5.761395767331123352e-02 1.565927080810070038e-02 3.876418620347976685e-02 4.133955389261245728e-02 3.856188058853149414e-02 4.546119272708892822e-02
3.100000000000000000e+02 5.752572044730186462e-02 1.584644801914691925e-02 3.818430006504058838e-02 4.103672504425048828e-02 3.796606883406639099e-02 4.504641517996788025e-02 5.752572044730186462e-02 1.584644801914691925e-02 3.818430006504058838e-02 4.103672504425048828e-02 3.796606883406639099e-02 4.504641517996788025e-02
3.200000000000000000e+02 5.744063109159469604e-02 1.603222452104091644e-02 3.762087970972061157e-02 4.074491187930107117e-02 3.738734126091003418e-02 4.464716836810112000e-02 5.744063109159469604e-02 1.603222452104091644e-02 3.762087970972061157e-02 4.074491187930107117e-02 3.738734126091003418e-02 4.464716836810112000e-02
3.300000000000000000e+02 5.735872685909271240e-02 1.621660031378269196e-02 3.707330673933029175e-02 4.046372696757316589e-02 3.682515770196914673e-02 4.426250979304313660e-02 5.735872685909271240e-02 1.621660031378269196e-02 3.707330673933029175e-02 4.046372696757316589e-02 3.682515770196914673e-02 4.426250979304313660e-02
3.400000000000000000e+02 5.728011950850486755e-02 1.639955490827560425e-02 3.654108196496963501e-02 4.019284620881080627e-02 3.627897053956985474e-02 4.389175400137901306e-02 5.728011950850486755e-02 1.639955490827560425e-02 3.654108196496963501e-02 4.019284620881080627e-02 3.627897053956985474e-02 4.389175400137901306e-02
3.500000000000000000e+02 5.720469728112220764e-02 1.658111251890659332e-02 3.602359816431999207e-02 3.993187099695205688e-02 3.574813529849052429e-02 4.353404790163040161e-02 5.720469728112220764e-02 1.658111251890659332e-02 3.602359816431999207e-02 3.993187099695205688e-02 3.574813529849052429e-02 4.353404790163040161e-02
3.600000000000000000e+02 5.713259056210517883e-02 1.676125265657901764e-02 3.552038222551345825e-02 3.968041762709617615e-02 3.523224219679832458e-02 4.318882897496223450e-02 5.713259056210517883e-02 1.676125265657901764e-02 3.552038222551345825e-02 3.968041762709617615e-02 3.523224219679832458e-02 4.318882897496223450e-02
3.700000000000000000e+02 5.706372112035751343e-02 1.693997904658317566e-02 3.503088653087615967e-02 3.943813964724540710e-02 3.473069518804550171e-02 4.285549744963645935e-02 5.706372112035751343e-02 1.693997904658317566e-02 3.503088653087615967e-02 3.943813964724540710e-02 3.473069518804550171e-02 4.285549744963645935e-02
3.800000000000000000e+02 5.699810758233070374e-02 1.711728796362876892e-02 3.455464914441108704e-02 3.920465335249900818e-02 3.424306586384773254e-02 4.253338649868965149e-02 5.699810758233070374e-02 1.711728796362876892e-02 3.455464914441108704e-02 3.920465335249900818e-02 3.424306586384773254e-02 4.253338649868965149e-02
3.900000000000000000e+02 5.693577602505683899e-02 1.729317568242549896e-02 3.409118205308914185e-02 3.897967562079429626e-02 3.376876190304756165e-02 4.222199693322181702e-02 5.693577602505683899e-02 1.729317568242549896e-02 3.409118205308914185e-02 3.897967562079429626e-02 3.376876190304756165e-02 4.222199693322181702e-02
4.000000000000000000e+02 5.687667056918144226e-02 1.746764779090881348e-02 3.364003822207450867e-02 3.876287117600440979e-02 3.330742567777633667e-02 4.192073270678520203e-02 5.687667056918144226e-02 1.746764779090881348e-02 3.364003822207450867e-02 3.876287117600440979e-02 3.330742567777633667e-02 4.192073270678520203e-02
4.100000000000000000e+02 5.682077631354331970e-02 1.764070242643356323e-02 3.320071846246719360e-02 3.855388611555099487e-02 3.285857662558555603e-02 4.162920638918876648e-02 5.682077631354331970e-02 1.764070242643356323e-02 3.320071846246719360e-02 3.855388611555099487e-02 3.285857662558555603e-02 4.162920638918876648e-02
4.200000000000000000e+02 5.676803365349769592e-02 1.781233586370944977e-02 3.277282789349555969e-02 3.835245966911315918e-02 3.242176398634910583e-02 4.134691134095191956e-02 5.676803365349769592e-02 1.781233586370944977e-02 3.277282789349555969e-02 3.835245966911315918e-02 3.242176398634910583e-02 4.134691134095191956e-02
4.300000000000000000e+02 5.671838670969009399e-02 1.798254996538162231e-02 3.235600143671035767e-02 3.815824910998344421e-02 3.199663758277893066e-02 4.107347875833511353e-02 5.671838670969009399e-02 1.798254996538162231e-02 3.235600143671035767e-02 3.815824910998344421e-02 3.199663758277893066e-02 4.107347875833511353e-02
4.400000000000000000e+02 5.667174234986305237e-02 1.815136149525642395e-02 3.194981440901756287e-02 3.797097504138946533e-02 3.158270567655563354e-02 4.080851376056671143e-02 5.667174234986305237e-02 1.815136149525642395e-02 3.194981440901756287e-02 3.797097504138946533e-02 3.158270567655563354e-02 4.080851376056671143e-02
4.500000000000000000e+02 5.662810057401657104e-02 1.831875741481781006e-02 3.155392408370971680e-02 3.779034689068794250e-02 3.117963671684265137e-02 4.055160656571388245e-02 5.662810057401657104e-02 1.831875741481781006e-02 3.155392408370971680e-02 3.779034689068794250e-02 3.117963671684265137e-02 4.055160656571388245e-02
4.600000000000000000e+02 5.658733099699020386e-02 1.848474703729152679e-02 3.116800263524055481e-02 3.761616721749305725e-02 3.078700043261051178e-02 4.030245169997215271e-02 5.658733099699020386e-02 1.848474703729152679e-02 3.116800263524055481e-02 3.761616721749305725e-02 3.078700043261051178e-02 4.030245169997215271e-02
4.700000000000000000e+02 5.654929205775260925e-02 1.864933036267757416e-02 3.079173155128955841e-02 3.744814917445182800e-02 3.040456026792526245e-02 4.006074368953704834e-02 5.654929205775260925e-02 1.864933036267757416e-02 3.079173155128955841e-02 3.744814917445182800e-02 3.040456026792526245e-02 4.006074368953704834e-02
4.800000000000000000e+02 5.651395022869110107e-02 1.881251111626625061e-02 3.042477369308471680e-02 3.728611022233963013e-02 3.003188781440258026e-02 3.982621058821678162e-02 5.651395022869110107e-02 1.881251111626625061e-02 3.042477369308471680e-02 3.728611022233963013e-02 3.003188781440258026e-02 3.982621058821678162e-02
4.900000000000000000e+02 5.648111552000045776e-02 1.897429116070270538e-02 3.006685711443424225e-02 3.712980821728706360e-02 2.966878004372119904e-02 3.959853202104568481e-02 5.648111552000045776e-02 1.897429116070270538e-02 3.006685711443424225e-02 3.712980821728706360e-02 2.966878004372119904e-02 3.959853202104568481e-02
5.000000000000000000e+02 5.645074322819709778e-02 1.913467794656753540e-02 2.971764840185642242e-02 3.697912767529487610e-02 2.931488119065761566e-02 3.937746956944465637e-02 5.645074322819709778e-02 1.913467794656753540e-02 2.971764840185642242e-02 3.697912767529487610e-02 2.931488119065761566e-02 3.937746956944465637e-02
5.100000000000000000e+02 5.642273649573326111e-02 1.929366774857044220e-02 2.937683463096618652e-02 3.683385252952575684e-02 2.896990254521369934e-02 3.916268795728683472e-02 5.642273649573326111e-02 1.929366774857044220e-02 2.937683463096618652e-02 3.683385252952575684e-02 2.896990254521369934e-02 3.916268795728683472e-02
5.200000000000000000e+02 5.639692768454551697e-02 1.945126987993717194e-02 2.904420159757137299e-02 3.669384121894836426e-02 2.863368391990661621e-02 3.895399719476699829e-02 5.639692768454551697e-02 1.945126987993717194e-02 2.904420159757137299e-02 3.669384121894836426e-02 2.863368391990661621e-02 3.895399719476699829e-02
5.300000000000000000e+02 5.637329816818237305e-02 1.960749924182891846e-02 2.871942892670631409e-02 3.655892983078956604e-02 2.830584347248077393e-02 3.875109553337097168e-02 5.637329816818237305e-02 1.960749924182891846e-02 2.871942892670631409e-02 3.655892983078956604e-02 2.830584347248077393e-02 3.875109553337097168e-02
5.400000000000000000e+02 5.635171383619308472e-02 1.976234465837478638e-02 2.840231172740459442e-02 3.642897307872772217e-02 2.798623405396938324e-02 3.855373710393905640e-02 5.635171383619308472e-02 1.976234465837478638e-02 2.840231172740459442e-02 3.642897307872772217e-02 2.798623405396938324e-02 3.855373710393905640e-02
5.500000000000000000e+02 5.633207783102989197e-02 1.991580799221992493e-02 2.809261344373226166e-02 3.630386292934417725e-02 2.767456509172916412e-02 3.836175799369812012e-02 5.633207783102989197e-02 1.991580799221992493e-02 2.809261344373226166e-02 3.630386292934417725e-02 2.767456509172916412e-02 3.836175799369812012e-02
5.600000000000000000e+02 5.631434544920921326e-02 2.006790414452552795e-02 2.779012359678745270e-02 3.618336468935012817e-02 2.737067639827728271e-02 3.817477822303771973e-02 5.631434544920921326e-02 2.006790414452552795e-02 2.779012359678745270e-02 3.618336468935012817e-02 2.737067639827728271e-02 3.817477822303771973e-02
5.700000000000000000e+02 5.629849806427955627e-02 2.021862752735614777e-02 2.749463729560375214e-02 3.606736660003662109e-02 2.707419358193874359e-02 3.799262270331382751e-02 5.629849806427955627e-02 2.021862752735614777e-02 2.749463729560375214e-02 3.606736660003662109e-02 2.707419358193874359e-02 3.799262270331382751e-02
5.800000000000000000e+02 5.628437921404838562e-02 2.036799304187297821e-02 2.720599994063377380e-02 3.595569357275962830e-02 2.678490430116653442e-02 3.781500458717346191e-02 5.628437921404838562e-02 2.036799304187297821e-02 2.720599994063377380e-02 3.595569357275962830e-02 2.678490430116653442e-02 3.781500458717346191e-02
5.900000000000000000e+02 5.627193301916122437e-02 2.051600441336631775e-02 2.692398615181446075e-02 3.584825247526168823e-02 2.650268003344535828e-02 3.764175996184349060e-02 5.627193301916122437e-02 2.051600441336631775e-02 2.692398615181446075e-02 3.584825247526168823e-02 2.650268003344535828e-02 3.764175996184349060e-02
6.000000000000000000e+02 5.626108124852180481e-02 2.066266536712646484e-02 2.664841152727603912e-02 3.574486821889877319e-02 2.622723951935768127e-02 3.747262805700302124e-02 5.626108124852180481e-02 2.066266536712646484e-02 2.664841152727603912e-02 3.574486821889877319e-02 2.622723951935768127e-02 3.747262805700302124e-02
6.100000000000000000e+02 5.625172704458236694e-02 2.080797776579856873e-02 2.637911587953567505e-02 3.564541414380073547e-02 2.595834806561470032e-02 3.730737790465354919e-02 5.625172704458236694e-02 2.080797776579856873e-02 2.637911587953567505e-02 3.564541414380073547e-02 2.595834806561470032e-02 3.730737790465354919e-02
6.200000000000000000e+02 5.624388530850410461e-02 2.095194719731807709e-02 2.611593529582023621e-02 3.554982692003250122e-02 2.569582685828208923e-02 3.714579716324806213e-02 5.624388530850410461e-02 2.095194719731807709e-02 2.611593529582023621e-02 3.554982692003250122e-02 2.569582685828208923e-02 3.714579716324806213e-02
6.300000000000000000e+02 5.623732507228851318e-02 2.109459415078163147e-02 2.585864625871181488e-02 3.545796871185302734e-02 2.543948963284492493e-02 3.698773309588432312e-02 5.623732507228851318e-02 2.109459415078163147e-02 2.585864625871181488e-02 3.545796871185302734e-02 2.543948963284492493e-02 3.698773309588432312e-02
6.400000000000000000e+02 5.623206496238708496e-02 2.123589627444744110e-02 2.560709975659847260e-02 3.536975383758544922e-02 2.518912963569164276e-02 3.683293610811233521e-02 5.623206496238708496e-02 2.123589627444744110e-02 2.560709975659847260e-02 3.536975383758544922e-02 2.518912963569164276e-02 3.683293610811233521e-02
6.500000000000000000e+02 5.622797459363937378e-02 2.137587778270244598e-02 2.536112442612648010e-02 3.528514876961708069e-02 2.494458295404911041e-02 3.668120130896568298e-02 5.622797459363937378e-02 2.137587778270244598e-02 2.536112442612648010e-02 3.528514876961708069e-02 2.494458295404911041e-02 3.668120130896568298e-02
6.600000000000000000e+02 5.622487515211105347e-02 2.151454426348209381e-02 2.512053586542606354e-02 3.520409390330314636e-02 2.470572479069232941e-02 3.653237968683242798e-02 5.622487515211105347e-02 2.151454426348209381e-02 2.512053586542606354e-02 3.520409390330314636e-02 2.470572479069232941e-02 3.653237968683242798e-02
6.700000000000000000e+02 5.622282624244689941e-02 2.165190130472183228e-02 2.488513104617595673e-02 3.512648493051528931e-02 2.447232417762279510e-02 3.638619929552078247e-02 5.622282624244689941e-02 2.165190130472183228e-02 2.488513104617595673e-02 3.512648493051528931e-02 2.447232417762279510e-02 3.638619929552078247e-02
6.800000000000000000e+02 5.622158944606781006e-02 2.178794145584106445e-02 2.465482801198959351e-02 3.505235165357589722e-02 2.424428053200244904e-02 3.624258562922477722e-02 5.622158944606781006e-02 2.178794145584106445e-02 2.465482801198959351e-02 3.505235165357589722e-02 2.424428053200244904e-02 3.624258562922477722e-02
6.900000000000000000e+02 5.622113123536109924e-02 2.192268520593643188e-02 2.442937530577182770e-02 3.498160466551780701e-02 2.402144297957420349e-02 3.610122203826904297e-02 5.622113123536109924e-02 2.192268520593643188e-02 2.442937530577182770e-02 3.498160466551780701e-02 2.402144297957420349e-02 3.610122203826904297e-02
7.000000000000000000e+02 5.622132867574691772e-02 2.205612696707248688e-02 2.420867793262004852e-02 3.491427004337310791e-02 2.380368113517761230e-02 3.596189990639686584e-02 5.622132867574691772e-02 2.205612696707248688e-02 2.420867793262004852e-02 3.491427004337310791e-02 2.380368113517761230e-02 3.596189990639686584e-02
7.100000000000000000e+02 5.622211471199989319e-02 2.218828164041042328e-02 2.399257011711597443e-02 3.485031798481941223e-02 2.359079197049140930e-02 3.582442551851272583e-02 5.622211471199989319e-02 2.218828164041042328e-02 2.399257011711597443e-02 3.485031798481941223e-02 2.359079197049140930e-02 3.582442551851272583e-02
7.200000000000000000e+02 5.622327700257301331e-02 2.231914550065994263e-02 2.378089912235736847e-02 3.478974848985671997e-02 2.338274195790290833e-02 3.568863496184349060e-02 5.622327700257301331e-02 2.231914550065994263e-02 2.378089912235736847e-02 3.478974848985671997e-02 2.338274195790290833e-02 3.568863496184349060e-02
7.300000000000000000e+02 5.622479319572448730e-02 2.244873531162738800e-02 2.357352897524833679e-02 3.473258763551712036e-02 2.317933365702629089e-02 3.555422648787498474e-02 5.622479319572448730e-02 2.244873531162738800e-02 2.357352897524833679e-02 3.473258763551712036e-02 2.317933365702629089e-02 3.555422648787498474e-02
7.400000000000000000e+02 5.622649565339088440e-02 2.257703989744186401e-02 2.337028086185455322e-02 3.467883914709091187e-02 2.298051863908767700e-02 3.542098775506019592e-02 5.622649565339088440e-02 2.257703989744186401e-02 2.337028086185455322e-02 3.467883914709091187e-02 2.298051863908767700e-02 3.542098775506019592e-02
7.500000000000000000e+02 5.622822791337966919e-02 2.270407788455486298e-02 2.317106351256370544e-02 3.462857007980346680e-02 2.278610505163669586e-02 3.528871759772300720e-02 5.622822791337966919e-02 2.270407788455486298e-02 2.317106351256370544e-02 3.462857007980346680e-02 2.278610505163669586e-02 3.528871759772300720e-02
7.600000000000000000e+02 5.622990056872367859e-02 2.282985113561153412e-02 2.297568880021572113e-02 3.458179160952568054e-02 2.259606495499610901e-02 3.515707701444625854e-02 5.622990056872367859e-02 2.282985113561153412e-02 2.297568880021572113e-02 3.458179160952568054e-02 2.259606495499610901e-02 3.515707701444625854e-02
7.700000000000000000e+02 5.623139441013336182e-02 2.295436337590217590e-02 2.278404869139194489e-02 3.453860431909561157e-02 2.241022884845733643e-02 3.502583876252174377e-02 5.623139441013336182e-02 2.295436337590217590e-02 2.278404869139194489e-02 3.453860431909561157e-02 2.241022884845733643e-02 3.502583876252174377e-02
7.800000000000000000e+02 5.623248964548110962e-02 2.307761646807193756e-02 2.259600162506103516e-02 3.449905663728713989e-02 2.222851850092411041e-02 3.489466384053230286e-02 5.623248964548110962e-02 2.307761646807193756e-02 2.259600162506103516e-02 3.449905663728713989e-02 2.222851850092411041e-02 3.489466384053230286e-02
7.900000000000000000e+02 5.623308196663856506e-02 2.319961227476596832e-02 2.241141535341739655e-02 3.446330875158309937e-02 2.205082401633262634e-02 3.476329147815704346e-02 5.623308196663856506e-02 2.319961227476596832e-02 2.241141535341739655e-02 3.446330875158309937e-02 2.205082401633262634e-02 3.476329147815704346e-02
8.000000000000000000e+02 5.623294040560722351e-02 2.332037128508090973e-02 2.223015017807483673e-02 3.443143144249916077e-02 2.187710255384445190e-02 3.463128209114074707e-02 5.623294040560722351e-02 2.332037128508090973e-02 2.223015017807483673e-02 3.443143144249916077e-02 2.187710255384445190e-02 3.463128209114074707e-02
8.100000000000000000e+02 5.623189732432365417e-02 2.343986742198467255e-02 2.205204591155052185e-02 3.440362587571144104e-02 2.170726656913757324e-02 3.449839353561401367e-02 5.623189732432365417e-02 2.343986742198467255e-02 2.205204591155052185e-02 3.440362587571144104e-02 2.170726656913757324e-02 3.449839353561401367e-02
8.200000000000000000e+02 5.622974038124084473e-02 2.355812676250934601e-02 2.187697030603885651e-02 3.438005223870277405e-02 2.154117077589035034e-02 3.436403721570968628e-02 5.622974038124084473e-02 2.355812676250934601e-02 2.187697030603885651e-02 3.438005223870277405e-02 2.154117077589035034e-02 3.436403721570968628e-02
8.300000000000000000e+02 5.622621998190879822e-02 2.367514371871948242e-02 2.170481719076633453e-02 3.436093032360076904e-02 2.137877978384494781e-02 3.422784432768821716e-02 5.622621998190879822e-02 2.367514371871948242e-02 2.170481719076633453e-02 3.436093032360076904e-02 2.137877978384494781e-02 3.422784432768821716e-02
8.400000000000000000e+02 5.622102320194244385e-02 2.379092946648597717e-02 2.153537981212139130e-02 3.434648737311363220e-02 2.122006006538867950e-02 3.408934921026229858e-02 5.622102320194244385e-02 2.379092946648597717e-02 2.153537981212139130e-02 3.434648737311363220e-02 2.122006006538867950e-02 3.408934921026229858e-02
8.500000000000000000e+02 5.621391162276268005e-02 2.390546537935733795e-02 2.136853337287902832e-02 3.433701023459434509e-02 2.106490731239318848e-02 3.394790738821029663e-02 5.621391162276268005e-02 2.390546537935733795e-02 2.136853337287902832e-02 3.433701023459434509e-02 2.106490731239318848e-02 3.394790738821029663e-02
8.600000000000000000e+02 5.620448291301727295e-02 2.401876822113990784e-02 2.120409160852432251e-02 3.433285281062126160e-02 2.091328985989093781e-02 3.380294516682624817e-02 5.620448291301727295e-02 2.401876822113990784e-02 2.120409160852432251e-02 3.433285281062126160e-02 2.091328985989093781e-02 3.380294516682624817e-02
8.700000000000000000e+02 5.619240924715995789e-02 2.413082495331764221e-02 2.104191668331623077e-02 3.433438763022422791e-02 2.076512202620506287e-02 3.365363553166389465e-02 5.619240924715995789e-02 2.413082495331764221e-02 2.104191668331623077e-02 3.433438763022422791e-02 2.076512202620506287e-02 3.365363553166389465e-02
8.800000000000000000e+02 5.617719516158103943e-02 2.424165233969688416e-02 2.088176272809505463e-02 3.434201329946517944e-02 2.062042616307735443e-02 3.349928557872772217e-02 5.617719516158103943e-02 2.424165233969688416e-02 2.088176272809505463e-02 3.434201329946517944e-02 2.062042616307735443e-02 3.349928557872772217e-02
8.900000000000000000e+02 5.615828186273574829e-02 2.435124292969703674e-02 2.072346396744251251e-02 3.435622528195381165e-02 2.047908306121826172e-02 3.333891555666923523e-02 5.615828186273574829e-02 2.435124292969703674e-02 2.072346396744251251e-02 3.435622528195381165e-02 2.047908306121826172e-02 3.333891555666923523e-02
9.000000000000000000e+02 5.613512173295021057e-02 2.445959486067295074e-02 2.056682109832763672e-02 3.437759354710578918e-02 2.034110203385353088e-02 3.317146003246307373e-02 5.613512173295021057e-02 2.445959486067295074e-02 2.056682109832763672e-02 3.437759354710578918e-02 2.034110203385353088e-02 3.317146003246307373e-02
9.100000000000000000e+02 5.610689893364906311e-02 2.456668764352798462e-02 2.041156776249408722e-02 3.440676629543304443e-02 2.020649984478950500e-02 3.299582749605178833e-02 5.610689893364906311e-02 2.456668764352798462e-02 2.041156776249408722e-02 3.440676629543304443e-02 2.020649984478950500e-02 3.299582749605178833e-02
9.200000000000000000e+02 5.607279017567634583e-02 2.467251941561698914e-02 2.025741524994373322e-02 3.444432839751243591e-02 2.007528394460678101e-02 3.281059861183166504e-02 5.607279017567634583e-02 2.467251941561698914e-02 2.025741524994373322e-02 3.444432839751243591e-02 2.007528394460678101e-02 3.281059861183166504e-02
9.300000000000000000e+02 5.603175610303878784e-02 2.477707900106906891e-02 2.010410465300083160e-02 3.449106588959693909e-02 1.994737423956394196e-02 3.261430934071540833e-02 5.603175610303878784e-02 2.477707900106906891e-02 2.010410465300083160e-02 3.449106588959693909e-02 1.994737423956394196e-02 3.261430934071540833e-02
9.400000000000000000e+02 5.598244071006774902e-02 2.488035708665847778e-02 1.995126716792583466e-02 3.454774245619773865e-02 1.982279308140277863e-02 3.240515291690826416e-02 5.598244071006774902e-02 2.488035708665847778e-02 1.995126716792583466e-02 3.454774245619773865e-02 1.982279308140277863e-02 3.240515291690826416e-02
9.500000000000000000e+02 5.592328310012817383e-02 2.498233504593372345e-02 1.979847624897956848e-02 3.461506590247154236e-02 1.970154792070388794e-02 3.218124806880950928e-02 5.592328310012817383e-02 2.498233504593372345e-02 1.979847624897956848e-02 3.461506590247154236e-02 1.970154792070388794e-02 3.218124806880950928e-02
9.600000000000000000e+02 5.585217103362083435e-02 2.508300170302391052e-02 1.964533701539039612e-02 3.469378128647804260e-02 1.958352699875831604e-02 3.194034844636917114e-02 5.585217103362083435e-02 2.508300170302391052e-02 1.964533701539039612e-02 3.469378128647804260e-02 1.958352699875831604e-02 3.194034844636917114e-02
9.700000000000000000e+02 5.576643347740173340e-02 2.518231794238090515e-02 1.949127390980720520e-02 3.478429466485977173e-02 1.946870423853397369e-02 3.168017044663429260e-02 5.576643347740173340e-02 2.518231794238090515e-02 1.949127390980720520e-02 3.478429466485977173e-02 1.946870423853397369e-02 3.168017044663429260e-02
9.800000000000000000e+02 5.566262826323509216e-02 2.528026513755321503e-02 1.933569088578224182e-02 3.488666564226150513e-02 1.935677416622638702e-02 3.139822185039520264e-02 5.566262826323509216e-02 2.528026513755321503e-02 1.933569088578224182e-02 3.488666564226150513e-02 1.935677416622638702e-02 3.139822185039520264e-02
9.900000000000000000e+02 5.553587153553962708e-02 2.537679299712181091e-02 1.917786896228790283e-02 3.500006347894668579e-02 1.924731582403182983e-02 3.109211102128028870e-02 5.553587153553962708e-02 2.537679299712181091e-02 1.917786896228790283e-02 3.500006347894668579e-02 1.924731582403182983e-02 3.109211102128028870e-02
1.000000000000000000e+03 5.537826940417289734e-02 2.547184936702251434e-02 1.901682838797569275e-02 3.512170165777206421e-02 1.913996599614620209e-02 3.076102584600448608e-02 5.537826940417289734e-02 2.547184936702251434e-02 1.901682838797569275e-02 3.512170165777206421e-02 1.913996599614620209e-02 3.076102584600448608e-02
1.010000000000000000e+03 5.455765500664710999e-02 2.556536532938480377e-02 1.874984242022037506e-02 3.509778156876564026e-02 1.942362077534198761e-02 3.090537711977958679e-02 5.455765500664710999e-02 2.556536532938480377e-02 1.874984242022037506e-02 3.509778156876564026e-02 1.942362077534198761e-02 3.090537711977958679e-02
1.020000000000000000e+03 5.374816060066223145e-02 2.565761469304561615e-02 1.859107613563537598e-02 3.515379875898361206e-02 1.948572508990764618e-02 3.112285025417804718e-02 5.374816060066223145e-02 2.565761469304561615e-02 1.859107613563537598e-02 3.515379875898361206e-02 1.948572508990764618e-02 3.112285025417804718e-02
1.030000000000000000e+03 5.730029940605163574e-02 2.574852108955383301e-02 1.884033344686031342e-02 3.572228178381919861e-02 1.755972392857074738e-02 2.817280776798725128e-02 5.730029940605163574e-02 2.574852108955383301e-02 1.884033344686031342e-02 3.572228178381919861e-02 1.755972392857074738e-02 2.817280776798725128e-02
1.040000000000000000e+03 5.305525287985801697e-02 2.583761699497699738e-02 1.823244057595729828e-02 3.524746000766754150e-02 1.960113085806369781e-02 3.066135570406913757e-02 5.305525287985801697e-02 2.583761699497699738e-02 1.823244057595729828e-02 3.524746000766754150e-02 1.960113085806369781e-02 3.066135570406913757e-02
1.050000000000000000e+03 5.506922677159309387e-02 2.592484466731548309e-02 1.826542615890502930e-02 3.568385541439056396e-02 1.826984435319900513e-02 2.862077578902244568e-02 5.506922677159309387e-02 2.592484466731548309e-02 1.826542615890502930e-02 3.568385541439056396e-02 1.826984435319900513e-02 2.862077578902244568e-02
1.060000000000000000e+03 5.486231297254562378e-02 2.601022459566593170e-02 1.808262243866920471e-02 3.572257980704307556e-02 1.807817071676254272e-02 2.822038903832435608e-02 5.486231297254562378e-02 2.601022459566593170e-02 1.808262243866920471e-02 3.572257980704307556e-02 1.807817071676254272e-02 2.822038903832435608e-02
1.070000000000000000e+03 5.379623919725418091e-02 2.609358914196491241e-02 1.781495660543441772e-02 3.547689318656921387e-02 1.824763230979442596e-02 2.835586667060852051e-02 5.379623919725418091e-02 2.609358914196491241e-02 1.781495660543441772e-02 3.547689318656921387e-02 1.824763230979442596e-02 2.835586667060852051e-02
1.080000000000000000e+03 5.549862980842590332e-02 2.617451176047325134e-02 1.781672984361648560e-02 3.542966768145561218e-02 1.670469716191291809e-02 2.659947238862514496e-02 5.549862980842590332e-02 2.617451176047325134e-02 1.781672984361648560e-02 3.542966768145561218e-02 1.670469716191291809e-02 2.659947238862514496e-02
1.090000000000000000e+03 4.726215451955795288e-02 2.625294774770736694e-02 1.671941764652729034e-02 3.324251994490623474e-02 2.025726623833179474e-02 3.216136246919631958e-02 4.726215451955795288e-02 2.625294774770736694e-02 1.671941764652729034e-02 3.324251994490623474e-02 2.025726623833179474e-02 3.216136246919631958e-02
1.100000000000000000e+03 4.925410822033882141e-02 2.632693760097026825e-02 1.680143363773822784e-02 3.213762491941452026e-02 1.677862554788589478e-02 2.857066132128238678e-02 4.925410822033882141e-02 2.632693760097026825e-02 1.680143363773822784e-02 3.213762491941452026e-02 1.677862554788589478e-02 2.857066132128238678e-02
1.110000000000000000e+03 4.377711936831474304e-02 2.639337070286273956e-02 1.620865799486637115e-02 2.910366281867027283e-02 1.592810079455375671e-02 2.979924902319908142e-02 4.377711936831474304e-02 2.639337070286273956e-02 1.620865799486637115e-02 2.910366281867027283e-02 1.592810079455375671e-02 2.979924902319908142e-02
1.120000000000000000e+03 4.348276555538177490e-02 2.644900791347026825e-02 1.681405305862426758e-02 2.555057965219020844e-02 1.155570242553949356e-02 2.604973502457141876e-02 4.348276555538177490e-02 2.644900791347026825e-02 1.681405305862426758e-02 2.555057965219020844e-02 1.155570242553949356e-02 2.604973502457141876e-02
1.130000000000000000e+03 3.192809596657752991e-02 2.649450488388538361e-02 1.728390529751777649e-02 1.983066648244857788e-02 1.068068947643041611e-02 3.050114959478378296e-02 3.192809596657752991e-02 2.649450488388538361e-02 1.728390529751777649e-02 1.983066648244857788e-02 1.068068947643041611e-02 3.050114959478378296e-02
1.140000000000000000e+03 3.757398203015327454e-02 2.654101327061653137e-02 1.912685297429561615e-02 1.502928510308265686e-02 5.339319352060556412e-03 2.556059882044792175e-02 3.757398203015327454e-02 2.654101327061653137e-02 1.912685297429561615e-02 1.502928510308265686e-02 5.339319352060556412e-03 2.556059882044792175e-02
1.150000000000000000e+03 3.467633202672004700e-02 2.661102451384067535e-02 1.882653497159481049e-02 9.451242163777351379e-03 2.756833098828792572e-03 2.882448397576808929e-02 3.467633202672004700e-02 2.661102451384067535e-02 1.882653497159481049e-02 9.451242163777351379e-03 2.756833098828792572e-03 2.882448397576808929e-02
1.160000000000000000e+03 2.989159151911735535e-02 2.672494202852249146e-02 1.720325648784637451e-02 4.768862389028072357e-03 9.490980883128941059e-04 3.337557986378669739e-02 2.989159151911735535e-02 2.672494202852249146e-02 1.720325648784637451e-02 4.768862389028072357e-03 9.490980883128941059e-04 3.337557986378669739e-02
1.170000000000000000e+03 2.593408524990081787e-02 2.690400741994380951e-02 1.630795933306217194e-02 2.768895588815212250e-03 4.570664896164089441e-04 3.728145360946655273e-02 2.593408524990081787e-02 2.690400741994380951e-02 1.630795933306217194e-02 2.768895588815212250e-03 4.570664896164089441e-04 3.728145360946655273e-02
1.180000000000000000e+03 2.549215778708457947e-02 2.713495492935180664e-02 1.506642252206802368e-02 3.010069252923130989e-03 6.780732073821127415e-04 3.537166863679885864e-02 2.549215778708457947e-02 2.713495492935180664e-02 1.506642252206802368e-02 3.010069252923130989e-03 6.780732073821127415e-04 3.537166863679885864e-02
1.190000000000000000e+03 2.443395368754863739e-02 2.736819721758365631e-02 1.324211526662111282e-02 3.017419250681996346e-03 1.258434494957327843e-03 3.517417982220649719e-02 2.443395368754863739e-02 2.736819721758365631e-02 1.324211526662111282e-02 3.017419250681996346e-03 1.258434494957327843e-03 3.517417982220649719e-02
1.200000000000000000e+03 2.419457025825977325e-02 2.758536487817764282e-02 1.233331579715013504e-02 2.998681738972663879e-03 1.459054881706833839e-03 3.350858017802238464e-02 2.419457025825977325e-02 2.758536487817764282e-02 1.233331579715013504e-02 2.998681738972663879e-03 1.459054881706833839e-03 3.350858017802238464e-02
1.210000000000000000e+03 4.699947685003280640e-02 2.779002301394939423e-02 1.211587991565465927e-02 3.169580362737178802e-03 1.299698604270815849e-03 2.054604515433311462e-02 4.699947685003280640e-02 2.779002301394939423e-02 1.211587991565465927e-02 3.169580362737178802e-03 1.299698604270815849e-03 2.054604515433311462e-02
1.220000000000000000e+03 1.927336491644382477e-02 2.798674069344997406e-02 9.952803142368793488e-03 2.923438791185617447e-03 2.991589717566967010e-03 3.579113259911537170e-02 1.927336491644382477e-02 2.798674069344997406e-02 9.952803142368793488e-03 2.923438791185617447e-03 2.991589717566967010e-03 3.579113259911537170e-02
1.230000000000000000e+03 2.591868676245212555e-02 2.816586010158061981e-02 9.480706416070461273e-03 3.014388494193553925e-03 3.019626950845122337e-03 2.785695530474185944e-02 2.591868676245212555e-02 2.816586010158061981e-02 9.480706416070461273e-03 3.014388494193553925e-03 3.019626950845122337e-03 2.785695530474185944e-02
1.240000000000000000e+03 1.922439225018024445e-02 2.833198755979537964e-02 8.550905622541904449e-03 2.877692459151148796e-03 4.015536513179540634e-03 3.292397782206535339e-02 1.922439225018024445e-02 2.833198755979537964e-02 8.550905622541904449e-03 2.877692459151148796e-03 4.015536513179540634e-03 3.292397782206535339e-02
1.250000000000000000e+03 2.262184582650661469e-02 2.848814427852630615e-02 8.163526654243469238e-03 2.915435237810015678e-03 3.916493616998195648e-03 2.841240353882312775e-02 2.262184582650661469e-02 2.848814427852630615e-02 8.163526654243469238e-03 2.915435237810015678e-03 3.916493616998195648e-03 2.841240353882312775e-02
1.260000000000000000e+03 2.084162645041942596e-02 2.863720804452896118e-02 7.610045839101076126e-03 2.839208580553531647e-03 4.278423730283975601e-03 2.915261872112751007e-02 2.084162645041942596e-02 2.863720804452896118e-02 7.610045839101076126e-03 2.839208580553531647e-03 4.278423730283975601e-03 2.915261872112751007e-02
1.270000000000000000e+03 1.992133259773254395e-02 2.878048829734325409e-02 7.186472415924072266e-03 2.744872355833649635e-03 4.424137994647026062e-03 2.932618930935859680e-02 1.992133259773254395e-02 2.878048829734325409e-02 7.186472415924072266e-03 2.744872355833649635e-03 4.424137994647026062e-03 2.932618930935859680e-02
1.280000000000000000e+03 1.992512494325637817e-02 2.891925349831581116e-02 6.856191903352737427e-03 2.650086767971515656e-03 4.415254108607769012e-03 2.861988730728626251e-02 1.992512494325637817e-02 2.891925349831581116e-02 6.856191903352737427e-03 2.650086767971515656e-03 4.415254108607769012e-03 2.861988730728626251e-02
1.290000000000000000e+03 1.971437782049179077e-02 2.905406244099140167e-02 6.551399361342191696e-03 2.539910376071929932e-03 4.429523367434740067e-03 2.813478372991085052e-02 1.971437782049179077e-02 2.905406244099140167e-02 6.551399361342191696e-03 2.539910376071929932e-03 4.429523367434740067e-03 2.813478372991085052e-02
1.300000000000000000e+03 1.959400624036788940e-02 2.918493933975696564e-02 6.285387556999921799e-03 2.423781203106045723e-03 4.423511680215597153e-03 2.756340429186820984e-02 1.959400624036788940e-02 2.918493933975696564e-02 6.285387556999921799e-03 2.423781203106045723e-03 4.423511680215597153e-03 2.756340429186820984e-02
1.310000000000000000e+03 1.948455721139907837e-02 2.931196056306362152e-02 6.039861124008893967e-03 2.309500472620129585e-03 4.420958925038576126e-03 2.697282098233699799e-02 1.948455721139907837e-02 2.931196056306362152e-02 6.039861124008893967e-03 2.309500472620129585e-03 4.420958925038576126e-03 2.697282098233699799e-02
1.320000000000000000e+03 1.930970326066017151e-02 2.943503297865390778e-02 5.808184389024972916e-03 2.196857705712318420e-03 4.429190419614315033e-03 2.643472142517566681e-02 1.930970326066017151e-02 2.943503297865390778e-02 5.808184389024972916e-03 2.196857705712318420e-03 4.429190419614315033e-03 2.643472142517566681e-02
1.330000000000000000e+03 2.210832946002483368e-02 2.955403923988342285e-02 5.705764517188072205e-03 2.129691652953624725e-03 4.091264680027961731e-03 2.369011752307415009e-02 2.210832946002483368e-02 2.955403923988342285e-02 5.705764517188072205e-03 2.129691652953624725e-03 4.091264680027961731e-03 2.369011752307415009e-02
1.340000000000000000e+03 1.397233270108699799e-02 2.967250533401966095e-02 5.155797582119703293e-03 1.863095210865139961e-03 5.772780627012252808e-03 3.480286896228790283e-02 1.397233270108699799e-02 2.967250533401966095e-02 5.155797582119703293e-03 1.863095210865139961e-03 5.772780627012252808e-03 3.480286896228790283e-02
1.350000000000000000e+03 1.778526417911052704e-02 2.978779189288616180e-02 5.228820256888866425e-03 1.839308650232851505e-03 4.432054702192544937e-03 2.609733864665031433e-02 1.778526417911052704e-02 2.978779189288616180e-02 5.228820256888866425e-03 1.839308650232851505e-03 4.432054702192544937e-03 2.609733864665031433e-02
1.360000000000000000e+03 2.134061232209205627e-02 2.989823557436466217e-02 5.234634969383478165e-03 1.812169910408556461e-03 3.961143549531698227e-03 2.273891121149063110e-02 2.134061232209205627e-02 2.989823557436466217e-02 5.234634969383478165e-03 1.812169910408556461e-03 3.961143549531698227e-03 2.273891121149063110e-02
1.370000000000000000e+03 1.720409467816352844e-02 3.000406362116336823e-02 4.947075154632329941e-03 1.679829088971018791e-03 4.480637609958648682e-03 2.540257945656776428e-02 1.720409467816352844e-02 3.000406362116336823e-02 4.947075154632329941e-03 1.679829088971018791e-03 4.480637609958648682e-03 2.540257945656776428e-02
1.380000000000000000e+03 1.682266406714916229e-02 3.010540455579757690e-02 4.788771271705627441e-03 1.594453118741512299e-03 4.550063516944646835e-03 2.517452649772167206e-02 1.682266406714916229e-02 3.010540455579757690e-02 4.788771271705627441e-03 1.594453118741512299e-03 4.550063516944646835e-03 2.517452649772167206e-02
1.390000000000000000e+03 1.720757037401199341e-02 3.020267933607101440e-02 4.697422962635755539e-03 1.521029975265264511e-03 4.462383221834897995e-03 2.416656911373138428e-02 1.720757037401199341e-02 3.020267933607101440e-02 4.697422962635755539e-03 1.521029975265264511e-03 4.462383221834897995e-03 2.416656911373138428e-02
1.400000000000000000e+03 1.720818318426609039e-02 3.029632009565830231e-02 4.594962112605571747e-03 1.432464574463665485e-03 4.424494691193103790e-03 2.360513061285018921e-02 1.720818318426609039e-02 3.029632009565830231e-02 4.594962112605571747e-03 1.432464574463665485e-03 4.424494691193103790e-03 2.360513061285018921e-02
1.410000000000000000e+03 1.696963608264923096e-02 3.038664720952510834e-02 4.502461291849613190e-03 1.339679234661161900e-03 4.408982582390308380e-03 2.328266389667987823e-02 1.696963608264923096e-02 3.038664720952510834e-02 4.502461291849613190e-03 1.339679234661161900e-03 4.408982582390308380e-03 2.328266389667987823e-02
1.420000000000000000e+03 1.685886085033416748e-02 3.047389350831508636e-02 4.425619728863239288e-03 1.247166772373020649e-03 4.366956651210784912e-03 2.285830304026603699e-02 1.685886085033416748e-02 3.047389350831508636e-02 4.425619728863239288e-03 1.247166772373020649e-03 4.366956651210784912e-03 2.285830304026603699e-02
1.430000000000000000e+03 1.689693145453929901e-02 3.055827133357524872e-02 4.364266060292720795e-03 1.157253631390631199e-03 4.298877436667680740e-03 2.231277152895927429e-02 1.689693145453929901e-02 3.055827133357524872e-02 4.364266060292720795e-03 1.157253631390631199e-03 4.298877436667680740e-03 2.231277152895927429e-02
1.440000000000000000e+03 1.654223911464214325e-02 3.063995018601417542e-02 4.295844119042158127e-03 1.065205200575292110e-03 4.289628006517887115e-03 2.212693728506565094e-02 1.654223911464214325e-02 3.063995018601417542e-02 4.295844119042158127e-03 1.065205200575292110e-03 4.289628006517887115e-03 2.212693728506565094e-02
1.450000000000000000e+03 1.644285209476947784e-02 3.071905300021171570e-02 4.245325457304716110e-03 9.788161842152476311e-04 4.237305838614702225e-03 2.171959728002548218e-02 1.644285209476947784e-02 3.071905300021171570e-02 4.245325457304716110e-03 9.788161842152476311e-04 4.237305838614702225e-03 2.171959728002548218e-02
1.460000000000000000e+03 1.636547222733497620e-02 3.079573065042495728e-02 4.201516509056091309e-03 8.955812081694602966e-04 4.178420174866914749e-03 2.130064181983470917e-02 1.636547222733497620e-02 3.079573065042495728e-02 4.201516509056091309e-03 8.955812081694602966e-04 4.178420174866914749e-03 2.130064181983470917e-02
1.470000000000000000e+03 1.822908967733383179e-02 3.087005950510501862e-02 4.230341874063014984e-03 8.300791960209608078e-04 3.865112550556659698e-03 1.946461386978626251e-02 1.822908967733383179e-02 3.087005950510501862e-02 4.230341874063014984e-03 8.300791960209608078e-04 3.865112550556659698e-03 1.946461386978626251e-02
1.480000000000000000e+03 1.342301256954669952e-02 3.094537928700447083e-02 4.097460769116878510e-03 7.245302549563348293e-04 4.533208906650543213e-03 2.378472313284873962e-02 1.342301256954669952e-02 3.094537928700447083e-02 4.097460769116878510e-03 7.245302549563348293e-04 4.533208906650543213e-03 2.378472313284873962e-02
1.490000000000000000e+03 1.321136206388473511e-02 3.102042898535728455e-02 3.945208154618740082e-03 6.384385051205754280e-04 4.453874193131923676e-03 2.421171590685844421e-02 1.321136206388473511e-02 3.102042898535728455e-02 3.945208154618740082e-03 6.384385051205754280e-04 4.453874193131923676e-03 2.421171590685844421e-02
1.500000000000000000e+03 1.427580416202545166e-02 3.109221346676349640e-02 4.027870483696460724e-03 6.094183190725743771e-04 4.059575963765382767e-03 2.165287174284458160e-02 1.427580416202545166e-02 3.109221346676349640e-02 4.027870483696460724e-03 6.094183190725743771e-04 4.059575963765382767e-03 2.165287174284458160e-02
1.510000000000000000e+03 1.631944440305233002e-02 3.116057254374027252e-02 4.073970485478639603e-03 5.778474733233451843e-04 3.752917284145951271e-03 1.918202824890613556e-02 1.631944440305233002e-02 3.116057254374027252e-02 4.073970485478639603e-03 5.778474733233451843e-04 3.752917284145951271e-03 1.918202824890613556e-02
1.520000000000000000e+03 1.600331254303455353e-02 3.122594021260738373e-02 4.017260856926441193e-03 5.297771422192454338e-04 3.785023465752601624e-03 1.892341300845146179e-02 1.600331254303455353e-02 3.122594021260738373e-02 4.017260856926441193e-03 5.297771422192454338e-04 3.785023465752601624e-03 1.892341300845146179e-02
1.530000000000000000e+03 1.508721709251403809e-02 3.128860518336296082e-02 3.957428038120269775e-03 4.791421524714678526e-04 3.847316373139619827e-03 1.918648742139339447e-02 1.508721709251403809e-02 3.128860518336296082e-02 3.957428038120269775e-03 4.791421524714678526e-04 3.847316373139619827e-03 1.918648742139339447e-02
1.540000000000000000e+03 1.459075603634119034e-02 3.134919703006744385e-02 3.918539267033338547e-03 4.329078365117311478e-04 3.838005475699901581e-03 1.912102103233337402e-02 1.459075603634119034e-02 3.134919703006744385e-02 3.918539267033338547e-03 4.329078365117311478e-04 3.838005475699901581e-03 1.912102103233337402e-02
1.550000000000000000e+03 1.433941442519426346e-02 3.140802681446075439e-02 3.882062854245305061e-03 3.909338556695729494e-04 3.794159740209579468e-03 1.881710067391395569e-02 1.433941442519426346e-02 3.140802681446075439e-02 3.882062854245305061e-03 3.909338556695729494e-04 3.794159740209579468e-03 1.881710067391395569e-02
1.560000000000000000e+03 1.410716772079467773e-02 3.146524354815483093e-02 3.850446548312902451e-03 3.535084251780062914e-04 3.758462145924568176e-03 1.844766363501548767e-02 1.410716772079467773e-02 3.146524354815483093e-02 3.850446548312902451e-03 3.535084251780062914e-04 3.758462145924568176e-03 1.844766363501548767e-02
1.570000000000000000e+03 1.385631039738655090e-02 3.152078017592430115e-02 3.816936630755662918e-03 3.192244621459394693e-04 3.732882905751466751e-03 1.805503293871879578e-02 1.385631039738655090e-02 3.152078017592430115e-02 3.816936630755662918e-03 3.192244621459394693e-04 3.732882905751466751e-03 1.805503293871879578e-02
1.580000000000000000e+03 1.357911713421344757e-02 3.157461434602737427e-02 3.782214364036917686e-03 2.877941005863249302e-04 3.712815232574939728e-03 1.764854975044727325e-02 1.357911713421344757e-02 3.157461434602737427e-02 3.782214364036917686e-03 2.877941005863249302e-04 3.712815232574939728e-03 1.764854975044727325e-02
1.590000000000000000e+03 1.327260676771402359e-02 3.162672370672225952e-02 3.747126087546348572e-03 2.593196113593876362e-04 3.697250736877322197e-03 1.722900941967964172e-02 1.327260676771402359e-02 3.162672370672225952e-02 3.747126087546348572e-03 2.593196113593876362e-04 3.697250736877322197e-03 1.722900941967964172e-02
1.600000000000000000e+03 1.294034160673618317e-02 3.167715296149253845e-02 3.710558405146002769e-03 2.337972691748291254e-04 3.687486285343766212e-03 1.679234206676483154e-02 1.294034160673618317e-02 3.167715296149253845e-02 3.710558405146002769e-03 2.337972691748291254e-04 3.687486285343766212e-03 1.679234206676483154e-02
1.610000000000000000e+03 1.258393842726945877e-02 3.172599151730537415e-02 3.671976504847407341e-03 2.111242938553914428e-04 3.685286035761237144e-03 1.633672229945659637e-02 1.258393842726945877e-02 3.172599151730537415e-02 3.671976504847407341e-03 2.111242938553914428e-04 3.685286035761237144e-03 1.633672229945659637e-02
1.620000000000000000e+03 1.221234817057847977e-02 3.177335113286972046e-02 3.631096798926591873e-03 1.911544823087751865e-04 3.689440898597240448e-03 1.585776731371879578e-02 1.221234817057847977e-02 3.177335113286972046e-02 3.631096798926591873e-03 1.911544823087751865e-04 3.689440898597240448e-03 1.585776731371879578e-02
1.630000000000000000e+03 1.184103079140186310e-02 3.181942179799079895e-02 3.588084597140550613e-03 1.738145656418055296e-04 3.697526175528764725e-03 1.534661557525396347e-02 1.184103079140186310e-02 3.181942179799079895e-02 3.588084597140550613e-03 1.738145656418055296e-04 3.697526175528764725e-03 1.534661557525396347e-02
1.640000000000000000e+03 1.147944573312997818e-02 3.186443448066711426e-02 3.542661201208829880e-03 1.590349420439451933e-04 3.708559786900877953e-03 1.480077672749757767e-02 1.147944573312997818e-02 3.186443448066711426e-02 3.542661201208829880e-03 1.590349420439451933e-04 3.708559786900877953e-03 1.480077672749757767e-02
1.650000000000000000e+03 1.112205069512128830e-02 3.190867230296134949e-02 3.493821714073419571e-03 1.466979738324880600e-04 3.724569920450448990e-03 1.423043012619018555e-02 1.112205069512128830e-02 3.190867230296134949e-02 3.493821714073419571e-03 1.466979738324880600e-04 3.724569920450448990e-03 1.423043012619018555e-02
1.660000000000000000e+03 1.077384036034345627e-02 3.195241466164588928e-02 3.441391279920935631e-03 1.367187505820766091e-04 3.746157744899392128e-03 1.363526750355958939e-02 1.077384036034345627e-02 3.195241466164588928e-02 3.441391279920935631e-03 1.367187505820766091e-04 3.746157744899392128e-03 1.363526750355958939e-02
1.670000000000000000e+03 1.043597981333732605e-02 3.199594840407371521e-02 3.385245800018310547e-03 1.290145592065528035e-04 3.775004297494888306e-03 1.301623508334159851e-02 1.043597981333732605e-02 3.199594840407371521e-02 3.385245800018310547e-03 1.290145592065528035e-04 3.775004297494888306e-03 1.301623508334159851e-02
1.680000000000000000e+03 1.010397356003522873e-02 3.203945979475975037e-02 3.325334517285227776e-03 1.234912197105586529e-04 3.814180847257375717e-03 1.237708888947963715e-02 1.010397356003522873e-02 3.203945979475975037e-02 3.325334517285227776e-03 1.234912197105586529e-04 3.814180847257375717e-03 1.237708888947963715e-02
1.690000000000000000e+03 9.773589670658111572e-03 3.208303079009056091e-02 3.262010402977466583e-03 1.200604601763188839e-04 3.866817336529493332e-03 1.171934511512517929e-02 9.773589670658111572e-03 3.208303079009056091e-02 3.262010402977466583e-03 1.200604601763188839e-04 3.866817336529493332e-03 1.171934511512517929e-02
1.700000000000000000e+03 9.439777582883834839e-03 3.212661296129226685e-02 3.195793135091662407e-03 1.186433146358467638e-04 3.936169203370809555e-03 1.104427594691514969e-02 9.439777582883834839e-03 3.212661296129226685e-02 3.195793135091662407e-03 1.186433146358467638e-04 3.936169203370809555e-03 1.104427594691514969e-02
1.710000000000000000e+03 9.093723259866237640e-03 3.217000514268875122e-02 3.127014962956309319e-03 1.191682313219644129e-04 4.026247654110193253e-03 1.035652309656143188e-02 9.093723259866237640e-03 3.217000514268875122e-02 3.127014962956309319e-03 1.191682313219644129e-04 4.026247654110193253e-03 1.035652309656143188e-02
1.720000000000000000e+03 8.584083057940006256e-03 3.221295028924942017e-02 3.043770324438810349e-03 1.210731134051457047e-04 4.186206497251987457e-03 9.782806038856506348e-03 8.584083057940006256e-03 3.221295028924942017e-02 3.043770324438810349e-03 1.210731134051457047e-04 4.186206497251987457e-03 9.782806038856506348e-03
1.730000000000000000e+03 1.105791423469781876e-02 3.225714340806007385e-02 2.677016891539096832e-03 1.093685568775981665e-04 6.012143567204475403e-03 1.337307505309581757e-02 1.105791423469781876e-02 3.225714340806007385e-02 2.677016891539096832e-03 1.093685568775981665e-04 6.012143567204475403e-03 1.337307505309581757e-02
1.740000000000000000e+03 8.421597070991992950e-03 3.230572864413261414e-02 2.917025703936815262e-03 1.302101736655458808e-04 3.889637999236583710e-03 8.500528521835803986e-03 8.421597070991992950e-03 3.230572864413261414e-02 2.917025703936815262e-03 1.302101736655458808e-04 3.889637999236583710e-03 8.500528521835803986e-03
1.750000000000000000e+03 8.863460272550582886e-03 3.235229104757308960e-02 2.896843245252966881e-03 1.413137360941618681e-04 3.942701034247875214e-03 7.408168166875839233e-03 8.863460272550582886e-03 3.235229104757308960e-02 2.896843245252966881e-03 1.413137360941618681e-04 3.942701034247875214e-03 7.408168166875839233e-03
1.760000000000000000e+03 6.817176006734371185e-03 3.239472955465316772e-02 2.777556888759136200e-03 1.407380332238972187e-04 4.837804473936557770e-03 7.790489587932825089e-03 6.817176006734371185e-03 3.239472955465316772e-02 2.777556888759136200e-03 1.407380332238972187e-04 4.837804473936557770e-03 7.790489587932825089e-03
1.770000000000000000e+03 7.570564746856689453e-03 3.243223205208778381e-02 2.795774722471833229e-03 1.546855637570843101e-04 4.610329400748014450e-03 6.237816531211137772e-03 7.570564746856689453e-03 3.243223205208778381e-02 2.795774722471833229e-03 1.546855637570843101e-04 4.610329400748014450e-03 6.237816531211137772e-03
1.780000000000000000e+03 6.632741540670394897e-03 3.246651217341423035e-02 2.691857283934950829e-03 1.630163606023415923e-04 4.950203001499176025e-03 6.007476709783077240e-03 6.632741540670394897e-03 3.246651217341423035e-02 2.691857283934950829e-03 1.630163606023415923e-04 4.950203001499176025e-03 6.007476709783077240e-03
1.790000000000000000e+03 6.322138942778110504e-03 3.249860554933547974e-02 2.622091909870505333e-03 1.761190069373697042e-04 5.083337426185607910e-03 5.457737483084201813e-03 6.322138942778110504e-03 3.249860554933547974e-02 2.622091909870505333e-03 1.761190069373697042e-04 5.083337426185607910e-03 5.457737483084201813e-03
1.800000000000000000e+03 6.195535883307456970e-03 3.252923488616943359e-02 2.574744867160916328e-03 1.917728077387437224e-04 5.125419236719608307e-03 4.806967917829751968e-03 6.195535883307456970e-03 3.252923488616943359e-02 2.574744867160916328e-03 1.917728077387437224e-04 5.125419236719608307e-03 4.806967917829751968e-03
1.810000000000000000e+03 5.941925104707479477e-03 3.255879878997802734e-02 2.517353044822812080e-03 2.086149033857509494e-04 5.227594170719385147e-03 4.280427936464548111e-03 5.941925104707479477e-03 3.255879878997802734e-02 2.517353044822812080e-03 2.086149033857509494e-04 5.227594170719385147e-03 4.280427936464548111e-03
1.820000000000000000e+03 5.690801888704299927e-03 3.258768841624259949e-02 2.455273410305380821e-03 2.279409673064947128e-04 5.305635742843151093e-03 3.821089863777160645e-03 5.690801888704299927e-03 3.258768841624259949e-02 2.455273410305380821e-03 2.279409673064947128e-04 5.305635742843151093e-03 3.821089863777160645e-03
1.830000000000000000e+03 5.485739558935165405e-03 3.261641785502433777e-02 2.396019874140620232e-03 2.500926202628761530e-04 5.333641543984413147e-03 3.413251833990216255e-03 5.485739558935165405e-03 3.261641785502433777e-02 2.396019874140620232e-03 2.500926202628761530e-04 5.333641543984413147e-03 3.413251833990216255e-03
1.840000000000000000e+03 5.318497307598590851e-03 3.264555335044860840e-02 2.338215475901961327e-03 2.741819480434060097e-04 5.326478742063045502e-03 3.056468209251761436e-03 5.318497307598590851e-03 3.264555335044860840e-02 2.338215475901961327e-03 2.741819480434060097e-04 5.326478742063045502e-03 3.056468209251761436e-03
1.850000000000000000e+03 5.181765649467706680e-03 3.267557173967361450e-02 2.282043453305959702e-03 2.989428758155554533e-04 5.289879161864519119e-03 2.754755318164825439e-03 5.181765649467706680e-03 3.267557173967361450e-02 2.282043453305959702e-03 2.989428758155554533e-04 5.289879161864519119e-03 2.754755318164825439e-03
1.860000000000000000e+03 5.080359987914562225e-03 3.270685672760009766e-02 2.229125006124377251e-03 3.233904717490077019e-04 5.222863517701625824e-03 2.501455834135413170e-03 5.080359987914562225e-03 3.270685672760009766e-02 2.229125006124377251e-03 3.233904717490077019e-04 5.222863517701625824e-03 2.501455834135413170e-03
1.870000000000000000e+03 5.009769927710294724e-03 3.273968771100044250e-02 2.181071322411298752e-03 3.462237655185163021e-04 5.129875149577856064e-03 2.290856093168258667e-03 5.009769927710294724e-03 3.273968771100044250e-02 2.181071322411298752e-03 3.462237655185163021e-04 5.129875149577856064e-03 2.290856093168258667e-03
1.880000000000000000e+03 4.947034176439046860e-03 3.277420625090599060e-02 2.135590882971882820e-03 3.657036286313086748e-04 5.031403619796037674e-03 2.122058533132076263e-03 4.947034176439046860e-03 3.277420625090599060e-02 2.135590882971882820e-03 3.657036286313086748e-04 5.031403619796037674e-03 2.122058533132076263e-03
1.890000000000000000e+03 4.897305741906166077e-03 3.281044587492942810e-02 2.095228759571909904e-03 3.814059891737997532e-04 4.923576023429632187e-03 1.983853057026863098e-03 4.897305741906166077e-03 3.281044587492942810e-02 2.095228759571909904e-03 3.814059891737997532e-04 4.923576023429632187e-03 1.983853057026863098e-03
1.900000000000000000e+03 4.850471392273902893e-03 3.284830600023269653e-02 2.058857120573520660e-03 3.929903905373066664e-04 4.815054591745138168e-03 1.871874439530074596e-03 4.850471392273902893e-03 3.284830600023269653e-02 2.058857120573520660e-03 3.929903905373066664e-04 4.815054591745138168e-03 1.871874439530074596e-03
1.910000000000000000e+03 4.783594980835914612e-03 3.288764134049415588e-02 2.021400257945060730e-03 3.998278116341680288e-04 4.729016683995723724e-03 1.788109075278043747e-03 4.783594980835914612e-03 3.288764134049415588e-02 2.021400257945060730e-03 3.998278116341680288e-04 4.729016683995723724e-03 1.788109075278043747e-03
1.920000000000000000e+03 5.467337556183338165e-03 3.292842954397201538e-02 1.869588624686002731e-03 3.803719300776720047e-04 5.206533242017030716e-03 1.941619091667234898e-03 5.467337556183338165e-03 3.292842954397201538e-02 1.869588624686002731e-03 3.803719300776720047e-04 5.206533242017030716e-03 1.941619091667234898e-03
1.930000000000000000e+03 7.465894799679517746e-03 3.297352790832519531e-02 2.070734044536948204e-03 4.407413944136351347e-04 3.774257376790046692e-03 1.388076343573629856e-03 7.465894799679517746e-03 3.297352790832519531e-02 2.070734044536948204e-03 4.407413944136351347e-04 3.774257376790046692e-03 1.388076343573629856e-03
1.940000000000000000e+03 5.455336533486843109e-03 3.301947191357612610e-02 1.938025816343724728e-03 4.180308606009930372e-04 4.106513690203428268e-03 1.478411839343607426e-03 5.455336533486843109e-03 3.301947191357612610e-02 1.938025816343724728e-03 4.180308606009930372e-04 4.106513690203428268e-03 1.478411839343607426e-03
1.950000000000000000e+03 4.763064906001091003e-03 3.306388482451438904e-02 1.886167214252054691e-03 4.062573425471782684e-04 4.275921266525983810e-03 1.528776716440916061e-03 4.763064906001091003e-03 3.306388482451438904e-02 1.886167214252054691e-03 4.062573425471782684e-04 4.275921266525983810e-03 1.528776716440916061e-03
1.960000000000000000e+03 4.504633136093616486e-03 3.310718387365341187e-02 1.867660437710583210e-03 4.060457868035882711e-04 4.407249391078948975e-03 1.549781067296862602e-03 4.504633136093616486e-03 3.310718387365341187e-02 1.867660437710583210e-03 4.060457868035882711e-04 4.407249391078948975e-03 1.549781067296862602e-03
1.970000000000000000e+03 4.427440464496612549e-03 3.314974159002304077e-02 1.863072975538671017e-03 4.069465503562241793e-04 4.316786769777536392e-03 1.488480833359062672e-03 4.427440464496612549e-03 3.314974159002304077e-02 1.863072975538671017e-03 4.069465503562241793e-04 4.316786769777536392e-03 1.488480833359062672e-03
1.980000000000000000e+03 4.421814344823360443e-03 3.319188579916954041e-02 1.861465745605528355e-03 4.075088072568178177e-04 4.180323798209428787e-03 1.415211241692304611e-03 4.421814344823360443e-03 3.319188579916954041e-02 1.861465745605528355e-03 4.075088072568178177e-04 4.180323798209428787e-03 1.415211241692304611e-03
1.990000000000000000e+03 4.380984231829643250e-03 3.323376923799514771e-02 1.845626509748399258e-03 4.065596149303019047e-04 4.105444531887769699e-03 1.365861389786005020e-03 4.380984231829643250e-03 3.323376923799514771e-02 1.845626509748399258e-03 4.065596149303019047e-04 4.105444531887769699e-03 1.365861389786005020e-03
2.000000000000000000e+03 4.349130205810070038e-03 3.327542170882225037e-02 1.828348147682845592e-03 4.050150164403021336e-04 4.030174575746059418e-03 1.322263851761817932e-03 4.349130205810070038e-03 3.327542170882225037e-02 1.828348147682845592e-03 4.050150164403021336e-04 4.030174575746059418e-03 1.322263851761817932e-03
2.000000000000000000e+03 4.349130205810070038e-03 3.327542170882225037e-02 1.828348147682845592e-03 4.050150164403021336e-04 4.030174575746059418e-03 1.322263851761817932e-03 4.349130205810070038e-03 3.327542170882225037e-02 1.828348147682845592e-03 4.050150164403021336e-04 4.030174575746059418e-03 1.322263851761817932e-03
2.010000000000000000e+03 3.068060148507356644e-03 3.454586118459701538e-02 1.666043652221560478e-03 3.820211568381637335e-04 3.931069746613502502e-03 1.314546214416623116e-03 3.068060148507356644e-03 3.454586118459701538e-02 1.666043652221560478e-03 3.820211568381637335e-04 3.931069746613502502e-03 1.314546214416623116e-03
2.020000000000000000e+03 3.210002556443214417e-03 3.492524847388267517e-02 1.656587584875524044e-03 4.249028279446065426e-04 2.269946970045566559e-03 8.428323199041187763e-04 3.210002556443214417e-03 3.492524847388267517e-02 1.656587584875524044e-03 4.249028279446065426e-04 2.269946970045566559e-03 8.428323199041187763e-04
2.030000000000000000e+03 2.317385748028755188e-03 3.571896627545356750e-02 1.267391024157404900e-03 3.004024329129606485e-04 1.417867257259786129e-03 4.284298629499971867e-04 2.317385748028755188e-03 3.571896627545356750e-02 1.267391024157404900e-03 3.004024329129606485e-04 1.417867257259786129e-03 4.284298629499971867e-04
2.040000000000000000e+03 2.513107145205140114e-03 3.579282388091087341e-02 1.174663193523883820e-03 2.564451133366674185e-04 9.585784282535314560e-04 3.347633755765855312e-04 2.513107145205140114e-03 3.579282388091087341e-02 1.174663193523883820e-03 2.564451133366674185e-04 9.585784282535314560e-04 3.347633755765855312e-04
2.050000000000000000e+03 2.131470711901783943e-03 3.661592677235603333e-02 8.653512923046946526e-04 2.193277323385700583e-04 5.988787161186337471e-04 2.596397534944117069e-04 2.131470711901783943e-03 3.661592677235603333e-02 8.653512923046946526e-04 2.193277323385700583e-04 5.988787161186337471e-04 2.596397534944117069e-04
2.060000000000000000e+03 1.917175482958555222e-03 3.633695840835571289e-02 8.309098193421959877e-04 1.536626077722758055e-04 5.913786590099334717e-04 1.654700608924031258e-04 1.917175482958555222e-03 3.633695840835571289e-02 8.309098193421959877e-04 1.536626077722758055e-04 5.913786590099334717e-04 1.654700608924031258e-04
2.070000000000000000e+03 1.956180902197957039e-03 3.624365106225013733e-02 7.512496085837483406e-04 2.314835292054340243e-04 5.650967359542846680e-04 1.069409772753715515e-04 1.956180902197957039e-03 3.624365106225013733e-02 7.512496085837483406e-04 2.314835292054340243e-04 5.650967359542846680e-04 1.069409772753715515e-04
2.080000000000000000e+03 1.941777067258954048e-03 3.636800870299339294e-02 6.661068764515221119e-04 2.331528521608561277e-04 4.616219084709882736e-04 9.528828377369791269e-05 1.941777067258954048e-03 3.636800870299339294e-02 6.661068764515221119e-04 2.331528521608561277e-04 4.616219084709882736e-04 9.528828377369791269e-05
2.090000000000000000e+03 1.896429923363029957e-03 3.652118518948554993e-02 6.338771199807524681e-04 1.753770920913666487e-04 4.153743793722242117e-04 5.351155050448141992e-05 1.896429923363029957e-03 3.652118518948554993e-02 6.338771199807524681e-04 1.753770920913666487e-04 4.153743793722242117e-04 5.351155050448141992e-05
2.100000000000000000e+03 1.875847578048706055e-03 3.667389601469039917e-02 5.409287987276911736e-04 1.476603792980313301e-04 3.870054206345230341e-04 4.137978612561710179e-05 1.875847578048706055e-03 3.667389601469039917e-02 5.409287987276911736e-04 1.476603792980313301e-04 3.870054206345230341e-04 4.137978612561710179e-05
2.110000000000000000e+03 1.889831270091235638e-03 3.658082336187362671e-02 5.610621301457285881e-04 1.600132673047482967e-04 3.837805707007646561e-04 6.225846300367265940e-05 1.889831270091235638e-03 3.658082336187362671e-02 5.610621301457285881e-04 1.600132673047482967e-04 3.837805707007646561e-04 6.225846300367265940e-05
2.120000000000000000e+03 1.787832123227417469e-03 3.670477122068405151e-02 4.547162970993667841e-04 1.855784648796543479e-04 3.229968133382499218e-04 6.859852874185889959e-05 1.787832123227417469e-03 3.670477122068405151e-02 4.547162970993667841e-04 1.855784648796543479e-04 3.229968133382499218e-04 6.859852874185889959e-05
2.130000000000000000e+03 1.838245545513927937e-03 3.671117126941680908e-02 3.900332667399197817e-04 1.970855664694681764e-04 3.036078123841434717e-04 6.527108052978292108e-05 1.838245545513927937e-03 3.671117126941680908e-02 3.900332667399197817e-04 1.970855664694681764e-04 3.036078123841434717e-04 6.527108052978292108e-05
2.140000000000000000e+03 1.810636604204773903e-03 3.681798279285430908e-02 3.417398547753691673e-04 1.701235014479607344e-04 2.958233526442199945e-04 4.641439227270893753e-05 1.810636604204773903e-03 3.681798279285430908e-02 3.417398547753691673e-04 1.701235014479607344e-04 2.958233526442199945e-04 4.641439227270893753e-05
2.150000000000000000e+03 1.776769291609525681e-03 3.684646636247634888e-02 3.288095758762210608e-04 1.238847908098250628e-04 2.815670450218021870e-04 7.797014404786750674e-05 1.776769291609525681e-03 3.684646636247634888e-02 3.288095758762210608e-04 1.238847908098250628e-04 2.815670450218021870e-04 7.797014404786750674e-05
2.160000000000000000e+03 1.780307735316455364e-03 3.687186166644096375e-02 3.215361793991178274e-04 1.102040041587315500e-04 2.696831652428954840e-04 7.744786853436380625e-05 1.780307735316455364e-03 3.687186166644096375e-02 3.215361793991178274e-04 1.102040041587315500e-04 2.696831652428954840e-04 7.744786853436380625e-05
2.170000000000000000e+03 1.777295605279505253e-03 3.688134253025054932e-02 3.097778244409710169e-04 1.068637138814665377e-04 2.695911680348217487e-04 7.967301644384860992e-05 1.777295605279505253e-03 3.688134253025054932e-02 3.097778244409710169e-04 1.068637138814665377e-04 2.695911680348217487e-04 7.967301644384860992e-05
2.180000000000000000e+03 1.780565129593014717e-03 3.686914220452308655e-02 3.091523831244558096e-04 1.034331726259551942e-04 2.777971094474196434e-04 8.322092617163434625e-05 1.780565129593014717e-03 3.686914220452308655e-02 3.091523831244558096e-04 1.034331726259551942e-04 2.777971094474196434e-04 8.322092617163434625e-05
2.190000000000000000e+03 1.780517981387674809e-03 3.688057884573936462e-02 3.025174955837428570e-04 1.003633733489550650e-04 2.758038754109293222e-04 8.097646059468388557e-05 1.780517981387674809e-03 3.688057884573936462e-02 3.025174955837428570e-04 1.003633733489550650e-04 2.758038754109293222e-04 8.097646059468388557e-05
2.200000000000000000e+03 1.780067803338170052e-03 3.688174858689308167e-02 2.928928879555314779e-04 1.057228291756473482e-04 2.703315403778105974e-04 8.749723201617598534e-05 1.780067803338170052e-03 3.688174858689308167e-02 2.928928879555314779e-04 1.057228291756473482e-04 2.703315403778105974e-04 8.749723201617598534e-05
2.210000000000000000e+03 1.764128333888947964e-03 3.690304979681968689e-02 2.975001407321542501e-04 9.607461834093555808e-05 2.647394721861928701e-04 8.937834354583173990e-05 1.764128333888947964e-03 3.690304979681968689e-02 2.975001407321542501e-04 9.607461834093555808e-05 2.647394721861928701e-04 8.937834354583173990e-05
2.220000000000000000e+03 1.773922471329569817e-03 3.689996525645256042e-02 2.887226000893861055e-04 9.393697837367653847e-05 2.647433429956436157e-04 8.918347884900867939e-05 1.773922471329569817e-03 3.689996525645256042e-02 2.887226000893861055e-04 9.393697837367653847e-05 2.647433429956436157e-04 8.918347884900867939e-05
2.230000000000000000e+03 1.775092678144574165e-03 3.690116479992866516e-02 2.872310287784785032e-04 9.369644976686686277e-05 2.636292192619293928e-04 8.962419815361499786e-05 1.775092678144574165e-03 3.690116479992866516e-02 2.872310287784785032e-04 9.369644976686686277e-05 2.636292192619293928e-04 8.962419815361499786e-05
2.232000000000000000e+03 1.775092678144574165e-03 3.690116479992866516e-02 2.872310287784785032e-04 9.369644976686686277e-05 2.636292192619293928e-04 8.962419815361499786e-05 1.775092678144574165e-03 3.690116479992866516e-02 2.872310287784785032e-04 9.369644976686686277e-05 2.636292192619293928e-04 8.962419815361499786e-05
