# x
0.000000000000000000e+00
0.000000000000000000e+00
0.000000000000000000e+00
1.000000000000000000e+01
0.000000000000000000e+00
1.000000000000000000e+01
5.000000000000000000e+00
2.500000000000000000e+00
7.500000000000000000e+00
1.250000000000000000e+00
6.250000000000000000e+00
3.750000000000000000e+00
8.750000000000000000e+00
6.250000000000000000e-01
5.625000000000000000e+00
3.125000000000000000e+00
8.125000000000000000e+00
1.875000000000000000e+00
6.875000000000000000e+00
4.375000000000000000e+00
9.375000000000000000e+00
3.125000000000000000e-01
5.312500000000000000e+00
2.812500000000000000e+00
7.812500000000000000e+00
1.562500000000000000e+00
6.562500000000000000e+00
4.062500000000000000e+00
9.062500000000000000e+00
9.375000000000000000e-01
5.937500000000000000e+00
3.437500000000000000e+00
8.437500000000000000e+00
2.187500000000000000e+00
7.187500000000000000e+00
4.687500000000000000e+00
9.687500000000000000e+00
1.562500000000000000e-01
5.156250000000000000e+00
2.656250000000000000e+00
7.656250000000000000e+00
1.406250000000000000e+00
6.406250000000000000e+00
3.906250000000000000e+00
8.906250000000000000e+00
7.812500000000000000e-01
5.781250000000000000e+00
3.281250000000000000e+00
8.281250000000000000e+00
2.031250000000000000e+00
7.031250000000000000e+00
4.531250000000000000e+00
9.531250000000000000e+00
4.687500000000000000e-01
5.468750000000000000e+00
2.968750000000000000e+00
7.968750000000000000e+00
1.718750000000000000e+00
6.718750000000000000e+00
4.218750000000000000e+00
9.218750000000000000e+00
1.093750000000000000e+00
6.093750000000000000e+00
3.593750000000000000e+00
8.593750000000000000e+00
2.343750000000000000e+00
7.343750000000000000e+00
4.843750000000000000e+00
9.843750000000000000e+00
7.812500000000000000e-02
5.078125000000000000e+00
2.578125000000000000e+00
7.578125000000000000e+00
1.328125000000000000e+00
6.328125000000000000e+00
3.828125000000000000e+00
8.828125000000000000e+00
7.031250000000000000e-01
5.703125000000000000e+00
3.203125000000000000e+00
8.203125000000000000e+00
1.953125000000000000e+00
6.953125000000000000e+00
4.453125000000000000e+00
9.453125000000000000e+00
3.906250000000000000e-01
5.390625000000000000e+00
2.890625000000000000e+00
7.890625000000000000e+00
1.640625000000000000e+00
6.640625000000000000e+00
4.140625000000000000e+00
9.140625000000000000e+00
1.015625000000000000e+00
6.015625000000000000e+00
3.515625000000000000e+00
8.515625000000000000e+00
2.265625000000000000e+00
7.265625000000000000e+00
4.765625000000000000e+00
9.765625000000000000e+00
2.343750000000000000e-01
5.234375000000000000e+00
2.734375000000000000e+00
7.734375000000000000e+00
1.484375000000000000e+00
6.484375000000000000e+00
3.984375000000000000e+00
8.984375000000000000e+00
8.593750000000000000e-01
5.859375000000000000e+00
3.359375000000000000e+00
8.359375000000000000e+00
2.109375000000000000e+00
7.109375000000000000e+00
4.609375000000000000e+00
9.609375000000000000e+00
5.468750000000000000e-01
5.546875000000000000e+00
3.046875000000000000e+00
8.046875000000000000e+00
1.796875000000000000e+00
6.796875000000000000e+00
4.296875000000000000e+00
9.296875000000000000e+00
1.171875000000000000e+00
6.171875000000000000e+00
3.671875000000000000e+00
8.671875000000000000e+00
2.421875000000000000e+00
7.421875000000000000e+00
4.921875000000000000e+00
9.921875000000000000e+00
3.906250000000000000e-02
5.039062500000000000e+00
2.539062500000000000e+00
7.539062500000000000e+00
1.289062500000000000e+00
6.289062500000000000e+00
3.789062500000000000e+00
8.789062500000000000e+00
6.640625000000000000e-01
5.664062500000000000e+00
3.164062500000000000e+00
8.164062500000000000e+00
1.914062500000000000e+00
6.914062500000000000e+00
4.414062500000000000e+00
9.414062500000000000e+00
3.515625000000000000e-01
5.351562500000000000e+00
2.851562500000000000e+00
7.851562500000000000e+00
1.601562500000000000e+00
6.601562500000000000e+00
4.101562500000000000e+00
9.101562500000000000e+00
9.765625000000000000e-01
5.976562500000000000e+00
3.476562500000000000e+00
8.476562500000000000e+00
2.226562500000000000e+00
7.226562500000000000e+00
4.726562500000000000e+00
9.726562500000000000e+00
1.953125000000000000e-01
5.195312500000000000e+00
2.695312500000000000e+00
7.695312500000000000e+00
1.445312500000000000e+00
6.445312500000000000e+00
3.945312500000000000e+00
8.945312500000000000e+00
8.203125000000000000e-01
5.820312500000000000e+00
3.320312500000000000e+00
8.320312500000000000e+00
2.070312500000000000e+00
7.070312500000000000e+00
4.570312500000000000e+00
9.570312500000000000e+00
5.078125000000000000e-01
5.507812500000000000e+00
3.007812500000000000e+00
8.007812500000000000e+00
1.757812500000000000e+00
6.757812500000000000e+00
4.257812500000000000e+00
9.257812500000000000e+00
1.132812500000000000e+00
6.132812500000000000e+00
3.632812500000000000e+00
8.632812500000000000e+00
2.382812500000000000e+00
7.382812500000000000e+00
4.882812500000000000e+00
9.882812500000000000e+00
1.171875000000000000e-01
5.117187500000000000e+00
2.617187500000000000e+00
7.617187500000000000e+00
1.367187500000000000e+00
6.367187500000000000e+00
3.867187500000000000e+00
8.867187500000000000e+00
7.421875000000000000e-01
5.742187500000000000e+00
3.242187500000000000e+00
8.242187500000000000e+00
1.992187500000000000e+00
6.992187500000000000e+00
4.492187500000000000e+00
9.492187500000000000e+00
4.296875000000000000e-01
5.429687500000000000e+00
2.929687500000000000e+00
7.929687500000000000e+00
1.679687500000000000e+00
6.679687500000000000e+00
4.179687500000000000e+00
9.179687500000000000e+00
1.054687500000000000e+00
6.054687500000000000e+00
3.554687500000000000e+00
8.554687500000000000e+00
2.304687500000000000e+00
7.304687500000000000e+00
4.804687500000000000e+00
9.804687500000000000e+00
2.734375000000000000e-01
5.273437500000000000e+00
2.773437500000000000e+00
7.773437500000000000e+00
1.523437500000000000e+00
6.523437500000000000e+00
4.023437500000000000e+00
9.023437500000000000e+00
8.984375000000000000e-01
5.898437500000000000e+00
3.398437500000000000e+00
8.398437500000000000e+00
2.148437500000000000e+00
7.148437500000000000e+00
4.648437500000000000e+00
9.648437500000000000e+00
5.859375000000000000e-01
5.585937500000000000e+00
3.085937500000000000e+00
8.085937500000000000e+00
1.835937500000000000e+00
6.835937500000000000e+00
4.335937500000000000e+00
9.335937500000000000e+00
1.210937500000000000e+00
6.210937500000000000e+00
3.710937500000000000e+00
8.710937500000000000e+00
2.460937500000000000e+00
7.460937500000000000e+00
4.960937500000000000e+00
9.960937500000000000e+00
1.953125000000000000e-02
5.019531250000000000e+00
2.519531250000000000e+00
7.519531250000000000e+00
1.269531250000000000e+00
6.269531250000000000e+00
3.769531250000000000e+00
8.769531250000000000e+00
6.445312500000000000e-01
5.644531250000000000e+00
3.144531250000000000e+00
8.144531250000000000e+00
1.894531250000000000e+00
6.894531250000000000e+00
4.394531250000000000e+00
9.394531250000000000e+00
3.320312500000000000e-01
5.332031250000000000e+00
2.832031250000000000e+00
7.832031250000000000e+00
1.582031250000000000e+00
6.582031250000000000e+00
4.082031250000000000e+00
9.082031250000000000e+00
9.570312500000000000e-01
5.957031250000000000e+00
3.457031250000000000e+00
8.457031250000000000e+00
2.207031250000000000e+00
7.207031250000000000e+00
4.707031250000000000e+00
9.707031250000000000e+00
1.757812500000000000e-01
5.175781250000000000e+00
2.675781250000000000e+00
7.675781250000000000e+00
1.425781250000000000e+00
6.425781250000000000e+00
3.925781250000000000e+00
8.925781250000000000e+00
8.007812500000000000e-01
5.800781250000000000e+00
3.300781250000000000e+00
8.300781250000000000e+00
2.050781250000000000e+00
7.050781250000000000e+00
4.550781250000000000e+00
9.550781250000000000e+00
4.882812500000000000e-01
5.488281250000000000e+00
2.988281250000000000e+00
7.988281250000000000e+00
1.738281250000000000e+00
6.738281250000000000e+00
4.238281250000000000e+00
9.238281250000000000e+00
1.113281250000000000e+00
6.113281250000000000e+00
3.613281250000000000e+00
8.613281250000000000e+00
2.363281250000000000e+00
7.363281250000000000e+00
4.863281250000000000e+00
9.863281250000000000e+00
9.765625000000000000e-02
5.097656250000000000e+00
2.597656250000000000e+00
7.597656250000000000e+00
1.347656250000000000e+00
6.347656250000000000e+00
3.847656250000000000e+00
8.847656250000000000e+00
7.226562500000000000e-01
5.722656250000000000e+00
3.222656250000000000e+00
8.222656250000000000e+00
1.972656250000000000e+00
6.972656250000000000e+00
4.472656250000000000e+00
9.472656250000000000e+00
4.101562500000000000e-01
5.410156250000000000e+00
2.910156250000000000e+00
7.910156250000000000e+00
1.660156250000000000e+00
6.660156250000000000e+00
4.160156250000000000e+00
9.160156250000000000e+00
1.035156250000000000e+00
6.035156250000000000e+00
3.535156250000000000e+00
8.535156250000000000e+00
2.285156250000000000e+00
7.285156250000000000e+00
4.785156250000000000e+00
9.785156250000000000e+00
2.539062500000000000e-01
5.253906250000000000e+00
2.753906250000000000e+00
7.753906250000000000e+00
1.503906250000000000e+00
6.503906250000000000e+00
4.003906250000000000e+00
9.003906250000000000e+00
8.789062500000000000e-01
5.878906250000000000e+00
3.378906250000000000e+00
8.378906250000000000e+00
2.128906250000000000e+00
7.128906250000000000e+00
4.628906250000000000e+00
9.628906250000000000e+00
5.664062500000000000e-01
5.566406250000000000e+00
3.066406250000000000e+00
8.066406250000000000e+00
1.816406250000000000e+00
6.816406250000000000e+00
4.316406250000000000e+00
9.316406250000000000e+00
1.191406250000000000e+00
6.191406250000000000e+00
3.691406250000000000e+00
8.691406250000000000e+00
2.441406250000000000e+00
7.441406250000000000e+00
4.941406250000000000e+00
9.941406250000000000e+00
5.859375000000000000e-02
5.058593750000000000e+00
2.558593750000000000e+00
7.558593750000000000e+00
1.308593750000000000e+00
6.308593750000000000e+00
3.808593750000000000e+00
8.808593750000000000e+00
6.835937500000000000e-01
5.683593750000000000e+00
3.183593750000000000e+00
8.183593750000000000e+00
1.933593750000000000e+00
6.933593750000000000e+00
4.433593750000000000e+00
9.433593750000000000e+00
3.710937500000000000e-01
5.371093750000000000e+00
2.871093750000000000e+00
7.871093750000000000e+00
1.621093750000000000e+00
6.621093750000000000e+00
4.121093750000000000e+00
9.121093750000000000e+00
9.960937500000000000e-01
5.996093750000000000e+00
3.496093750000000000e+00
8.496093750000000000e+00
2.246093750000000000e+00
7.246093750000000000e+00
4.746093750000000000e+00
9.746093750000000000e+00
2.148437500000000000e-01
5.214843750000000000e+00
2.714843750000000000e+00
7.714843750000000000e+00
1.464843750000000000e+00
6.464843750000000000e+00
3.964843750000000000e+00
8.964843750000000000e+00
8.398437500000000000e-01
5.839843750000000000e+00
3.339843750000000000e+00
8.339843750000000000e+00
2.089843750000000000e+00
7.089843750000000000e+00
4.589843750000000000e+00
9.589843750000000000e+00
5.273437500000000000e-01
5.527343750000000000e+00
3.027343750000000000e+00
8.027343750000000000e+00
1.777343750000000000e+00
6.777343750000000000e+00
4.277343750000000000e+00
9.277343750000000000e+00
1.152343750000000000e+00
6.152343750000000000e+00
3.652343750000000000e+00
8.652343750000000000e+00
2.402343750000000000e+00
7.402343750000000000e+00
4.902343750000000000e+00
9.902343750000000000e+00
1.367187500000000000e-01
5.136718750000000000e+00
2.636718750000000000e+00
7.636718750000000000e+00
1.386718750000000000e+00
6.386718750000000000e+00
3.886718750000000000e+00
8.886718750000000000e+00
7.617187500000000000e-01
5.761718750000000000e+00
3.261718750000000000e+00
8.261718750000000000e+00
2.011718750000000000e+00
7.011718750000000000e+00
4.511718750000000000e+00
9.511718750000000000e+00
4.492187500000000000e-01
5.449218750000000000e+00
2.949218750000000000e+00
7.949218750000000000e+00
1.699218750000000000e+00
6.699218750000000000e+00
4.199218750000000000e+00
9.199218750000000000e+00
1.074218750000000000e+00
6.074218750000000000e+00
3.574218750000000000e+00
8.574218750000000000e+00
2.324218750000000000e+00
7.324218750000000000e+00
4.824218750000000000e+00
9.824218750000000000e+00
2.929687500000000000e-01
5.292968750000000000e+00
2.792968750000000000e+00
7.792968750000000000e+00
1.542968750000000000e+00
6.542968750000000000e+00
4.042968750000000000e+00
9.042968750000000000e+00
9.179687500000000000e-01
5.917968750000000000e+00
3.417968750000000000e+00
8.417968750000000000e+00
2.167968750000000000e+00
7.167968750000000000e+00
4.667968750000000000e+00
9.667968750000000000e+00
6.054687500000000000e-01
5.605468750000000000e+00
3.105468750000000000e+00
8.105468750000000000e+00
1.855468750000000000e+00
6.855468750000000000e+00
4.355468750000000000e+00
9.355468750000000000e+00
1.230468750000000000e+00
6.230468750000000000e+00
3.730468750000000000e+00
8.730468750000000000e+00
2.480468750000000000e+00
7.480468750000000000e+00
4.980468750000000000e+00
9.980468750000000000e+00
9.765625000000000000e-03
5.009765625000000000e+00
2.509765625000000000e+00
7.509765625000000000e+00
1.259765625000000000e+00
6.259765625000000000e+00
3.759765625000000000e+00
8.759765625000000000e+00
6.347656250000000000e-01
5.634765625000000000e+00
3.134765625000000000e+00
8.134765625000000000e+00
1.884765625000000000e+00
6.884765625000000000e+00
4.384765625000000000e+00
9.384765625000000000e+00
3.222656250000000000e-01
5.322265625000000000e+00
2.822265625000000000e+00
7.822265625000000000e+00
1.572265625000000000e+00
6.572265625000000000e+00
4.072265625000000000e+00
9.072265625000000000e+00
9.472656250000000000e-01
5.947265625000000000e+00
3.447265625000000000e+00
8.447265625000000000e+00
2.197265625000000000e+00
7.197265625000000000e+00
4.697265625000000000e+00
9.697265625000000000e+00
1.660156250000000000e-01
5.166015625000000000e+00
2.666015625000000000e+00
7.666015625000000000e+00
1.416015625000000000e+00
6.416015625000000000e+00
3.916015625000000000e+00
8.916015625000000000e+00
7.910156250000000000e-01
5.791015625000000000e+00
3.291015625000000000e+00
8.291015625000000000e+00
2.041015625000000000e+00
7.041015625000000000e+00
4.541015625000000000e+00
9.541015625000000000e+00
4.785156250000000000e-01
5.478515625000000000e+00
2.978515625000000000e+00
7.978515625000000000e+00
1.728515625000000000e+00
6.728515625000000000e+00
4.228515625000000000e+00
9.228515625000000000e+00
1.103515625000000000e+00
6.103515625000000000e+00
3.603515625000000000e+00
8.603515625000000000e+00
2.353515625000000000e+00
7.353515625000000000e+00
4.853515625000000000e+00
9.853515625000000000e+00
8.789062500000000000e-02
5.087890625000000000e+00
2.587890625000000000e+00
7.587890625000000000e+00
1.337890625000000000e+00
6.337890625000000000e+00
3.837890625000000000e+00
8.837890625000000000e+00
7.128906250000000000e-01
5.712890625000000000e+00
3.212890625000000000e+00
8.212890625000000000e+00
1.962890625000000000e+00
6.962890625000000000e+00
4.462890625000000000e+00
9.462890625000000000e+00
4.003906250000000000e-01
5.400390625000000000e+00
2.900390625000000000e+00
7.900390625000000000e+00
1.650390625000000000e+00
6.650390625000000000e+00
4.150390625000000000e+00
9.150390625000000000e+00
1.025390625000000000e+00
6.025390625000000000e+00
3.525390625000000000e+00
8.525390625000000000e+00
2.275390625000000000e+00
7.275390625000000000e+00
4.775390625000000000e+00
9.775390625000000000e+00
2.441406250000000000e-01
5.244140625000000000e+00
2.744140625000000000e+00
7.744140625000000000e+00
1.494140625000000000e+00
6.494140625000000000e+00
3.994140625000000000e+00
8.994140625000000000e+00
8.691406250000000000e-01
5.869140625000000000e+00
3.369140625000000000e+00
8.369140625000000000e+00
2.119140625000000000e+00
7.119140625000000000e+00
4.619140625000000000e+00
9.619140625000000000e+00
5.566406250000000000e-01
5.556640625000000000e+00
3.056640625000000000e+00
8.056640625000000000e+00
1.806640625000000000e+00
6.806640625000000000e+00
4.306640625000000000e+00
9.306640625000000000e+00
1.181640625000000000e+00
6.181640625000000000e+00
3.681640625000000000e+00
8.681640625000000000e+00
2.431640625000000000e+00
7.431640625000000000e+00
4.931640625000000000e+00
9.931640625000000000e+00
4.882812500000000000e-02
5.048828125000000000e+00
2.548828125000000000e+00
7.548828125000000000e+00
1.298828125000000000e+00
6.298828125000000000e+00
3.798828125000000000e+00
8.798828125000000000e+00
6.738281250000000000e-01
5.673828125000000000e+00
3.173828125000000000e+00
8.173828125000000000e+00
1.923828125000000000e+00
6.923828125000000000e+00
4.423828125000000000e+00
9.423828125000000000e+00
3.613281250000000000e-01
5.361328125000000000e+00
2.861328125000000000e+00
7.861328125000000000e+00
1.611328125000000000e+00
6.611328125000000000e+00
4.111328125000000000e+00
9.111328125000000000e+00
9.863281250000000000e-01
5.986328125000000000e+00
3.486328125000000000e+00
8.486328125000000000e+00
2.236328125000000000e+00
7.236328125000000000e+00
4.736328125000000000e+00
9.736328125000000000e+00
2.050781250000000000e-01
5.205078125000000000e+00
2.705078125000000000e+00
7.705078125000000000e+00
1.455078125000000000e+00
6.455078125000000000e+00
3.955078125000000000e+00
8.955078125000000000e+00
8.300781250000000000e-01
5.830078125000000000e+00
3.330078125000000000e+00
8.330078125000000000e+00
2.080078125000000000e+00
7.080078125000000000e+00
4.580078125000000000e+00
9.580078125000000000e+00
5.175781250000000000e-01
5.517578125000000000e+00
3.017578125000000000e+00
8.017578125000000000e+00
1.767578125000000000e+00
6.767578125000000000e+00
4.267578125000000000e+00
9.267578125000000000e+00
1.142578125000000000e+00
6.142578125000000000e+00
3.642578125000000000e+00
8.642578125000000000e+00
2.392578125000000000e+00
7.392578125000000000e+00
4.892578125000000000e+00
9.892578125000000000e+00
1.269531250000000000e-01
5.126953125000000000e+00
2.626953125000000000e+00
7.626953125000000000e+00
1.376953125000000000e+00
6.376953125000000000e+00
3.876953125000000000e+00
8.876953125000000000e+00
7.519531250000000000e-01
5.751953125000000000e+00
3.251953125000000000e+00
8.251953125000000000e+00
2.001953125000000000e+00
7.001953125000000000e+00
4.501953125000000000e+00
9.501953125000000000e+00
4.394531250000000000e-01
5.439453125000000000e+00
2.939453125000000000e+00
7.939453125000000000e+00
1.689453125000000000e+00
6.689453125000000000e+00
4.189453125000000000e+00
9.189453125000000000e+00
1.064453125000000000e+00
6.064453125000000000e+00
3.564453125000000000e+00
8.564453125000000000e+00
2.314453125000000000e+00
7.314453125000000000e+00
4.814453125000000000e+00
9.814453125000000000e+00
2.832031250000000000e-01
5.283203125000000000e+00
2.783203125000000000e+00
7.783203125000000000e+00
1.533203125000000000e+00
6.533203125000000000e+00
4.033203125000000000e+00
9.033203125000000000e+00
9.082031250000000000e-01
5.908203125000000000e+00
3.408203125000000000e+00
8.408203125000000000e+00
2.158203125000000000e+00
7.158203125000000000e+00
4.658203125000000000e+00
9.658203125000000000e+00
5.957031250000000000e-01
5.595703125000000000e+00
3.095703125000000000e+00
8.095703125000000000e+00
1.845703125000000000e+00
6.845703125000000000e+00
4.345703125000000000e+00
9.345703125000000000e+00
1.220703125000000000e+00
6.220703125000000000e+00
3.720703125000000000e+00
8.720703125000000000e+00
2.470703125000000000e+00
7.470703125000000000e+00
4.970703125000000000e+00
9.970703125000000000e+00
2.929687500000000000e-02
5.029296875000000000e+00
2.529296875000000000e+00
7.529296875000000000e+00
1.279296875000000000e+00
6.279296875000000000e+00
3.779296875000000000e+00
8.779296875000000000e+00
6.542968750000000000e-01
5.654296875000000000e+00
3.154296875000000000e+00
8.154296875000000000e+00
1.904296875000000000e+00
6.904296875000000000e+00
4.404296875000000000e+00
9.404296875000000000e+00
3.417968750000000000e-01
5.341796875000000000e+00
2.841796875000000000e+00
7.841796875000000000e+00
1.591796875000000000e+00
6.591796875000000000e+00
4.091796875000000000e+00
9.091796875000000000e+00
9.667968750000000000e-01
5.966796875000000000e+00
3.466796875000000000e+00
8.466796875000000000e+00
2.216796875000000000e+00
7.216796875000000000e+00
4.716796875000000000e+00
9.716796875000000000e+00
1.855468750000000000e-01
5.185546875000000000e+00
2.685546875000000000e+00
7.685546875000000000e+00
1.435546875000000000e+00
6.435546875000000000e+00
3.935546875000000000e+00
8.935546875000000000e+00
8.105468750000000000e-01
5.810546875000000000e+00
3.310546875000000000e+00
8.310546875000000000e+00
2.060546875000000000e+00
7.060546875000000000e+00
4.560546875000000000e+00
9.560546875000000000e+00
4.980468750000000000e-01
5.498046875000000000e+00
2.998046875000000000e+00
7.998046875000000000e+00
1.748046875000000000e+00
6.748046875000000000e+00
4.248046875000000000e+00
9.248046875000000000e+00
1.123046875000000000e+00
6.123046875000000000e+00
3.623046875000000000e+00
8.623046875000000000e+00
2.373046875000000000e+00
7.373046875000000000e+00
4.873046875000000000e+00
9.873046875000000000e+00
1.074218750000000000e-01
5.107421875000000000e+00
2.607421875000000000e+00
7.607421875000000000e+00
1.357421875000000000e+00
6.357421875000000000e+00
3.857421875000000000e+00
8.857421875000000000e+00
7.324218750000000000e-01
5.732421875000000000e+00
3.232421875000000000e+00
8.232421875000000000e+00
1.982421875000000000e+00
6.982421875000000000e+00
4.482421875000000000e+00
9.482421875000000000e+00
4.199218750000000000e-01
5.419921875000000000e+00
2.919921875000000000e+00
7.919921875000000000e+00
1.669921875000000000e+00
6.669921875000000000e+00
4.169921875000000000e+00
9.169921875000000000e+00
1.044921875000000000e+00
6.044921875000000000e+00
3.544921875000000000e+00
8.544921875000000000e+00
2.294921875000000000e+00
7.294921875000000000e+00
4.794921875000000000e+00
9.794921875000000000e+00
2.636718750000000000e-01
5.263671875000000000e+00
2.763671875000000000e+00
7.763671875000000000e+00
1.513671875000000000e+00
6.513671875000000000e+00
4.013671875000000000e+00
9.013671875000000000e+00
8.886718750000000000e-01
5.888671875000000000e+00
3.388671875000000000e+00
8.388671875000000000e+00
2.138671875000000000e+00
7.138671875000000000e+00
4.638671875000000000e+00
9.638671875000000000e+00
5.761718750000000000e-01
5.576171875000000000e+00
3.076171875000000000e+00
8.076171875000000000e+00
1.826171875000000000e+00
6.826171875000000000e+00
4.326171875000000000e+00
9.326171875000000000e+00
1.201171875000000000e+00
6.201171875000000000e+00
3.701171875000000000e+00
8.701171875000000000e+00
2.451171875000000000e+00
7.451171875000000000e+00
4.951171875000000000e+00
9.951171875000000000e+00
6.835937500000000000e-02
5.068359375000000000e+00
2.568359375000000000e+00
7.568359375000000000e+00
1.318359375000000000e+00
6.318359375000000000e+00
3.818359375000000000e+00
8.818359375000000000e+00
6.933593750000000000e-01
5.693359375000000000e+00
3.193359375000000000e+00
8.193359375000000000e+00
1.943359375000000000e+00
6.943359375000000000e+00
4.443359375000000000e+00
9.443359375000000000e+00
3.808593750000000000e-01
5.380859375000000000e+00
2.880859375000000000e+00
7.880859375000000000e+00
1.630859375000000000e+00
6.630859375000000000e+00
4.130859375000000000e+00
9.130859375000000000e+00
1.005859375000000000e+00
6.005859375000000000e+00
3.505859375000000000e+00
8.505859375000000000e+00
2.255859375000000000e+00
7.255859375000000000e+00
4.755859375000000000e+00
9.755859375000000000e+00
2.246093750000000000e-01
5.224609375000000000e+00
2.724609375000000000e+00
7.724609375000000000e+00
1.474609375000000000e+00
6.474609375000000000e+00
3.974609375000000000e+00
8.974609375000000000e+00
8.496093750000000000e-01
5.849609375000000000e+00
3.349609375000000000e+00
8.349609375000000000e+00
2.099609375000000000e+00
7.099609375000000000e+00
4.599609375000000000e+00
9.599609375000000000e+00
5.371093750000000000e-01
5.537109375000000000e+00
3.037109375000000000e+00
8.037109375000000000e+00
1.787109375000000000e+00
6.787109375000000000e+00
4.287109375000000000e+00
9.287109375000000000e+00
1.162109375000000000e+00
6.162109375000000000e+00
3.662109375000000000e+00
8.662109375000000000e+00
2.412109375000000000e+00
7.412109375000000000e+00
4.912109375000000000e+00
9.912109375000000000e+00
1.464843750000000000e-01
5.146484375000000000e+00
2.646484375000000000e+00
7.646484375000000000e+00
1.396484375000000000e+00
6.396484375000000000e+00
3.896484375000000000e+00
8.896484375000000000e+00
7.714843750000000000e-01
5.771484375000000000e+00
3.271484375000000000e+00
8.271484375000000000e+00
2.021484375000000000e+00
7.021484375000000000e+00
4.521484375000000000e+00
9.521484375000000000e+00
4.589843750000000000e-01
5.458984375000000000e+00
2.958984375000000000e+00
7.958984375000000000e+00
1.708984375000000000e+00
6.708984375000000000e+00
4.208984375000000000e+00
9.208984375000000000e+00
1.083984375000000000e+00
6.083984375000000000e+00
3.583984375000000000e+00
8.583984375000000000e+00
2.333984375000000000e+00
7.333984375000000000e+00
4.833984375000000000e+00
9.833984375000000000e+00
3.027343750000000000e-01
5.302734375000000000e+00
2.802734375000000000e+00
7.802734375000000000e+00
1.552734375000000000e+00
6.552734375000000000e+00
4.052734375000000000e+00
9.052734375000000000e+00
9.277343750000000000e-01
